Time,ActivePower,ReactivePower
0,126.84266,63.42133
0,126.84266,63.42133
0,126.84266,63.42133
0.1,126.84267,63.421335
0.2,126.84267,63.421335
0.3,126.84267,63.421335
0.4,126.84267,63.421335
0.5,126.84267,63.421335
0.6,126.84267,63.421335
0.7,126.84267,63.421335
0.8,126.84267,63.421335
0.9,126.84267,63.421335
1,126.84267,63.421335
1.1,126.84267,63.421335
1.2,126.84267,63.421335
1.3,126.84267,63.421335
1.4,126.84267,63.421335
1.5,126.84267,63.421335
1.6,126.84267,63.421335
1.7,126.84267,63.421335
1.8,126.84267,63.421335
1.9,126.84267,63.421335
2,126.84267,63.421335
2.1,126.84267,63.421335
2.2,126.84267,63.421335
2.3,126.84267,63.421335
2.4,126.84267,63.421335
2.5,126.84267,63.421335
2.6,126.84267,63.421335
2.7,126.84267,63.421335
2.8,126.84267,63.421335
2.9,126.84267,63.421335
3,126.84267,63.421335
3.1,126.84267,63.421335
3.2,126.84267,63.421335
3.3,126.84267,63.421335
3.4,126.84267,63.421335
3.5,126.84267,63.421335
3.6,126.84267,63.421335
3.7,126.84267,63.421335
3.8,126.84267,63.421335
3.9,126.84267,63.421335
4,126.84267,63.421335
4.1,126.84267,63.421335
4.2,126.84267,63.421335
4.3,126.84267,63.421335
4.4,126.84267,63.421335
4.5,126.84267,63.421335
4.6,126.84267,63.421335
4.7,126.84267,63.421335
4.8,126.84267,63.421335
4.9,126.84267,63.421335
5,126.84267,63.421335
5.1,126.84267,63.421335
5.2,126.84267,63.421335
5.3,126.84267,63.421335
5.4,126.84267,63.421335
5.5,126.84267,63.421335
5.6,126.84267,63.421335
5.7,126.84267,63.421335
5.8,126.84267,63.421335
5.9,126.84267,63.421335
6,126.84267,63.421335
6.1,126.84267,63.421335
6.2,126.84267,63.421335
6.3,126.84267,63.421335
6.4,126.84267,63.421335
6.5,126.84267,63.421335
6.6,126.84267,63.421335
6.7,126.84267,63.421335
6.8,126.84267,63.421335
6.9,126.84267,63.421335
7,126.84267,63.421335
7.1,126.84267,63.421335
7.2,126.84267,63.421335
7.3,126.84267,63.421335
7.4,126.84267,63.421335
7.5,126.84267,63.421335
7.6,126.84267,63.421335
7.7,126.84267,63.421335
7.8,126.84267,63.421335
7.9,126.84267,63.421335
8,126.84267,63.421335
8.1,126.84267,63.421335
8.2,126.84267,63.421335
8.3,126.84267,63.421335
8.4,126.84267,63.421335
8.5,126.84267,63.421335
8.6,126.84267,63.421335
8.7,126.84267,63.421335
8.8,126.84267,63.421335
8.9,126.84267,63.421335
9,126.84267,63.421335
9.1,126.84267,63.421335
9.2,126.84267,63.421335
9.3,126.84267,63.421335
9.4,126.84267,63.421335
9.5,126.84267,63.421335
9.6,126.84267,63.421335
9.7,126.84267,63.421335
9.8,126.84267,63.421335
9.9,126.84267,63.421335
10,126.84267,63.421335
10.1,126.84267,63.421335
10.2,126.84267,63.421335
10.3,126.84267,63.421335
10.4,126.84267,63.421335
10.5,126.84267,63.421335
10.6,126.84267,63.421335
10.7,126.84267,63.421335
10.8,126.84267,63.421335
10.9,126.84267,63.421335
11,126.84267,63.421335
11.1,126.84267,63.421335
11.2,126.84267,63.421335
11.3,126.84267,63.421335
11.4,126.84267,63.421335
11.5,126.84267,63.421335
11.6,126.84267,63.421335
11.7,126.84267,63.421335
11.8,126.84267,63.421335
11.9,126.84267,63.421335
12,126.84267,63.421335
12.1,126.84267,63.421335
12.2,126.84267,63.421335
12.3,126.84267,63.421335
12.4,126.84267,63.421335
12.5,126.84267,63.421335
12.6,126.84267,63.421335
12.7,126.84267,63.421335
12.8,126.84267,63.421335
12.9,126.84267,63.421335
13,126.84267,63.421335
13.1,126.84267,63.421335
13.2,126.84267,63.421335
13.3,126.84267,63.421335
13.4,126.84267,63.421335
13.5,126.84267,63.421335
13.6,126.84267,63.421335
13.7,126.84267,63.421335
13.8,126.84267,63.421335
13.9,126.84267,63.421335
14,126.84267,63.421335
14.1,126.84267,63.421335
14.2,126.84267,63.421335
14.3,126.84267,63.421335
14.4,126.84267,63.421335
14.5,126.84267,63.421335
14.6,126.84267,63.421335
14.7,126.84267,63.421335
14.8,126.84267,63.421335
14.9,126.84267,63.421335
15,126.84267,63.421335
15.1,126.84267,63.421335
15.2,126.84267,63.421335
15.3,126.84267,63.421335
15.4,126.84267,63.421335
15.5,126.84267,63.421335
15.6,126.84267,63.421335
15.7,126.84267,63.421335
15.8,126.84267,63.421335
15.9,126.84267,63.421335
16,126.84267,63.421335
16.1,126.84267,63.421335
16.2,126.84267,63.421335
16.3,126.84267,63.421335
16.4,126.84267,63.421335
16.5,126.84267,63.421335
16.6,126.84267,63.421335
16.7,126.84267,63.421335
16.8,126.84267,63.421335
16.9,126.84267,63.421335
17,126.84267,63.421335
17.1,126.84267,63.421335
17.2,126.84267,63.421335
17.3,126.84267,63.421335
17.4,126.84267,63.421335
17.5,126.84267,63.421335
17.6,126.84267,63.421335
17.7,126.84267,63.421335
17.8,126.84267,63.421335
17.9,126.84267,63.421335
18,126.84267,63.421335
18.1,126.84267,63.421335
18.2,126.84267,63.421335
18.3,126.84267,63.421335
18.4,126.84267,63.421335
18.5,126.84267,63.421335
18.6,126.84267,63.421335
18.7,126.84267,63.421335
18.8,126.84267,63.421335
18.9,126.84267,63.421335
19,126.84267,63.421335
19.1,126.84267,63.421335
19.2,126.84267,63.421335
19.3,126.84267,63.421335
19.4,126.84267,63.421335
19.5,126.84267,63.421335
19.6,126.84267,63.421335
19.7,126.84267,63.421335
19.8,126.84267,63.421335
19.9,126.84267,63.421335
20,126.84267,63.421335
20.1,126.84267,63.421335
20.2,126.84267,63.421335
20.3,126.84267,63.421335
20.4,126.84267,63.421335
20.5,126.84267,63.421335
20.6,126.84267,63.421335
20.7,126.84267,63.421335
20.8,126.84267,63.421335
20.9,126.84267,63.421335
21,126.84267,63.421335
21.1,126.84267,63.421335
21.2,126.84267,63.421335
21.3,126.84267,63.421335
21.4,126.84267,63.421335
21.5,126.84267,63.421335
21.6,126.84267,63.421335
21.7,126.84267,63.421335
21.8,126.84267,63.421335
21.9,126.84267,63.421335
22,126.84267,63.421335
22.1,126.84267,63.421335
22.2,126.84267,63.421335
22.3,126.84267,63.421335
22.4,126.84267,63.421335
22.5,126.84267,63.421335
22.6,126.84267,63.421335
22.7,126.84267,63.421335
22.8,126.84267,63.421335
22.9,126.84267,63.421335
23,126.84267,63.421335
23.1,126.84267,63.421335
23.2,126.84267,63.421335
23.3,126.84267,63.421335
23.4,126.84267,63.421335
23.5,126.84267,63.421335
23.6,126.84267,63.421335
23.7,126.84267,63.421335
23.8,126.84267,63.421335
23.9,126.84267,63.421335
24,126.84267,63.421335
24.1,126.84267,63.421335
24.2,126.84267,63.421335
24.3,126.84267,63.421335
24.4,126.84267,63.421335
24.5,126.84267,63.421335
24.6,126.84267,63.421335
24.7,126.84267,63.421335
24.8,126.84267,63.421335
24.9,126.84267,63.421335
25,126.84267,63.421335
25.1,126.84267,63.421335
25.2,126.84267,63.421335
25.3,126.84267,63.421335
25.4,126.84267,63.421335
25.5,126.84267,63.421335
25.6,126.84267,63.421335
25.7,126.84267,63.421335
25.8,126.84267,63.421335
25.9,126.84267,63.421335
26,126.84267,63.421335
26.1,126.84267,63.421335
26.2,126.84267,63.421335
26.3,126.84267,63.421335
26.4,126.84267,63.421335
26.5,126.84267,63.421335
26.6,126.84267,63.421335
26.7,126.84267,63.421335
26.8,126.84267,63.421335
26.9,126.84267,63.421335
27,126.84267,63.421335
27.1,126.84267,63.421335
27.2,126.84267,63.421335
27.3,126.84267,63.421335
27.4,126.84267,63.421335
27.5,126.84267,63.421335
27.6,126.84267,63.421335
27.7,126.84267,63.421335
27.8,126.84267,63.421335
27.9,126.84267,63.421335
28,126.84267,63.421335
28.1,126.84267,63.421335
28.2,126.84267,63.421335
28.3,126.84267,63.421335
28.4,126.84267,63.421335
28.5,126.84267,63.421335
28.6,126.84267,63.421335
28.7,126.84267,63.421335
28.8,126.84267,63.421335
28.9,126.84267,63.421335
29,126.84267,63.421335
29.1,126.84267,63.421335
29.2,126.84267,63.421335
29.3,126.84267,63.421335
29.4,126.84267,63.421335
29.5,126.84267,63.421335
29.6,126.84267,63.421335
29.7,126.84267,63.421335
29.8,126.84267,63.421335
29.9,126.84267,63.421335
30,126.84267,63.421335
30.1,126.84267,63.421335
30.2,126.84267,63.421335
30.3,126.84267,63.421335
30.4,126.84267,63.421335
30.5,126.84267,63.421335
30.6,126.84267,63.421335
30.7,126.84267,63.421335
30.8,126.84267,63.421335
30.9,126.84267,63.421335
31,126.84267,63.421335
31.1,126.84267,63.421335
31.2,126.84267,63.421335
31.3,126.84267,63.421335
31.4,126.84267,63.421335
31.5,126.84267,63.421335
31.6,126.84267,63.421335
31.7,126.84267,63.421335
31.8,126.84267,63.421335
31.9,126.84267,63.421335
32,126.84267,63.421335
32.1,126.84267,63.421335
32.2,126.84267,63.421335
32.3,126.84267,63.421335
32.4,126.84267,63.421335
32.5,126.84267,63.421335
32.6,126.84267,63.421335
32.7,126.84267,63.421335
32.8,126.84267,63.421335
32.9,126.84267,63.421335
33,126.84267,63.421335
33.1,126.84267,63.421335
33.2,126.84267,63.421335
33.3,126.84267,63.421335
33.4,126.84267,63.421335
33.5,126.84267,63.421335
33.6,126.84267,63.421335
33.7,126.84267,63.421335
33.8,126.84267,63.421335
33.9,126.84267,63.421335
34,126.84267,63.421335
34.1,126.84267,63.421335
34.2,126.84267,63.421335
34.3,126.84267,63.421335
34.4,126.84267,63.421335
34.5,126.84267,63.421335
34.6,126.84267,63.421335
34.7,126.84267,63.421335
34.8,126.84267,63.421335
34.9,126.84267,63.421335
35,126.84267,63.421335
35.1,126.84267,63.421335
35.2,126.84267,63.421335
35.3,126.84267,63.421335
35.4,126.84267,63.421335
35.5,126.84267,63.421335
35.6,126.84267,63.421335
35.7,126.84267,63.421335
35.8,126.84267,63.421335
35.9,126.84267,63.421335
36,126.84267,63.421335
36.1,126.84267,63.421335
36.2,126.84267,63.421335
36.3,126.84267,63.421335
36.4,126.84267,63.421335
36.5,126.84267,63.421335
36.6,126.84267,63.421335
36.7,126.84267,63.421335
36.8,126.84267,63.421335
36.9,126.84267,63.421335
37,126.84267,63.421335
37.1,126.84267,63.421335
37.2,126.84267,63.421335
37.3,126.84267,63.421335
37.4,126.84267,63.421335
37.5,126.84267,63.421335
37.6,126.84267,63.421335
37.7,126.84267,63.421335
37.8,126.84267,63.421335
37.9,126.84267,63.421335
38,126.84267,63.421335
38.1,126.84267,63.421335
38.2,126.84267,63.421335
38.3,126.84267,63.421335
38.4,126.84267,63.421335
38.5,126.84267,63.421335
38.6,126.84267,63.421335
38.7,126.84267,63.421335
38.8,126.84267,63.421335
38.9,126.84267,63.421335
39,126.84267,63.421335
39.1,126.84267,63.421335
39.2,126.84267,63.421335
39.3,126.84267,63.421335
39.4,126.84267,63.421335
39.5,126.84267,63.421335
39.6,126.84267,63.421335
39.7,126.84267,63.421335
39.8,126.84267,63.421335
39.9,126.84267,63.421335
40,126.84267,63.421335
40.1,126.84267,63.421335
40.2,126.84267,63.421335
40.3,126.84267,63.421335
40.4,126.84267,63.421335
40.5,126.84267,63.421335
40.6,126.84267,63.421335
40.7,126.84267,63.421335
40.8,126.84267,63.421335
40.9,126.84267,63.421335
41,126.84267,63.421335
41.1,126.84267,63.421335
41.2,126.84267,63.421335
41.3,126.84267,63.421335
41.4,126.84267,63.421335
41.5,126.84267,63.421335
41.6,126.84267,63.421335
41.7,126.84267,63.421335
41.8,126.84267,63.421335
41.9,126.84267,63.421335
42,126.84267,63.421335
42.1,126.84267,63.421335
42.2,126.84267,63.421335
42.3,126.84267,63.421335
42.4,126.84267,63.421335
42.5,126.84267,63.421335
42.6,126.84267,63.421335
42.7,126.84267,63.421335
42.8,126.84267,63.421335
42.9,126.84267,63.421335
43,126.84267,63.421335
43.1,126.84267,63.421335
43.2,126.84267,63.421335
43.3,126.84267,63.421335
43.4,126.84267,63.421335
43.5,126.84267,63.421335
43.6,126.84267,63.421335
43.7,126.84267,63.421335
43.8,126.84267,63.421335
43.9,126.84267,63.421335
44,126.84267,63.421335
44.1,126.84267,63.421335
44.2,126.84267,63.421335
44.3,126.84267,63.421335
44.4,126.84267,63.421335
44.5,126.84267,63.421335
44.6,126.84267,63.421335
44.7,126.84267,63.421335
44.8,126.84267,63.421335
44.9,126.84267,63.421335
45,126.84267,63.421335
45.1,126.84267,63.421335
45.2,126.84267,63.421335
45.3,126.84267,63.421335
45.4,126.84267,63.421335
45.5,126.84267,63.421335
45.6,126.84267,63.421335
45.7,126.84267,63.421335
45.8,126.84267,63.421335
45.9,126.84267,63.421335
46,126.84267,63.421335
46.1,126.84267,63.421335
46.2,126.84267,63.421335
46.3,126.84267,63.421335
46.4,126.84267,63.421335
46.5,126.84267,63.421335
46.6,126.84267,63.421335
46.7,126.84267,63.421335
46.8,126.84267,63.421335
46.9,126.84267,63.421335
47,126.84267,63.421335
47.1,126.84267,63.421335
47.2,126.84267,63.421335
47.3,126.84267,63.421335
47.4,126.84267,63.421335
47.5,126.84267,63.421335
47.6,126.84267,63.421335
47.7,126.84267,63.421335
47.8,126.84267,63.421335
47.9,126.84267,63.421335
48,126.84267,63.421335
48.1,126.84267,63.421335
48.2,126.84267,63.421335
48.3,126.84267,63.421335
48.4,126.84267,63.421335
48.5,126.84267,63.421335
48.6,126.84267,63.421335
48.7,126.84267,63.421335
48.8,126.84267,63.421335
48.9,126.84267,63.421335
49,126.84267,63.421335
49.1,126.84267,63.421335
49.2,126.84267,63.421335
49.3,126.84267,63.421335
49.4,126.84267,63.421335
49.5,126.84267,63.421335
49.6,126.84267,63.421335
49.7,126.84267,63.421335
49.8,126.84267,63.421335
49.9,126.84267,63.421335
50,126.84267,63.421335
50,126.84267,63.421335
50,187.36504,93.68252
50.1,194.1264,97.0632
50.2,194.12149,97.060745
50.3,194.11652,97.05826
50.4,194.11157,97.055785
50.5,194.10664,97.05332
50.6,194.1017,97.05085
50.7,194.09677,97.048385
50.8,194.09184,97.04592
50.9,194.08693,97.043465
51,194.08202,97.04101
51.1,194.0771,97.03855
51.2,194.07219,97.036095
51.3,194.06728,97.03364
51.4,194.06238,97.03119
51.5,194.05748,97.02874
51.6,194.05258,97.02629
51.7,194.04768,97.02384
51.8,194.0428,97.0214
51.9,194.03792,97.01896
52,194.03304,97.01652
52.1,194.02817,97.014085
52.2,194.02328,97.01164
52.3,194.01842,97.00921
52.4,194.01355,97.006775
52.5,194.0087,97.00435
52.6,194.00383,97.001915
52.7,193.99898,96.99949
52.8,193.99413,96.997065
52.9,193.98929,96.994645
53,193.98444,96.99222
53.1,193.9796,96.9898
53.2,193.97476,96.98738
53.3,193.96994,96.98497
53.4,193.9651,96.98255
53.5,193.96028,96.98014
53.6,193.95546,96.97773
53.7,193.95064,96.97532
53.8,193.94583,96.972915
53.9,193.94102,96.97051
54,193.93622,96.96811
54.1,193.93141,96.965705
54.2,193.92662,96.96331
54.3,193.92181,96.960905
54.4,193.91702,96.95851
54.5,193.91225,96.956125
54.6,193.90746,96.95373
54.7,193.90268,96.95134
54.8,193.8979,96.94895
54.9,193.89313,96.946565
55,193.88835,96.944175
55.1,193.88359,96.941795
55.2,193.87883,96.939415
55.3,193.87407,96.937035
55.4,193.86932,96.93466
55.5,193.86456,96.93228
55.6,193.85982,96.92991
55.7,193.85507,96.927535
55.8,193.85033,96.925165
55.9,193.8456,96.9228
56,193.84087,96.920435
56.1,193.83614,96.91807
56.2,193.8314,96.9157
56.3,193.82669,96.913345
56.4,193.82196,96.91098
56.5,193.81725,96.908625
56.6,193.81255,96.906275
56.7,193.80783,96.903915
56.8,193.80313,96.901565
56.9,193.79843,96.899215
57,193.79373,96.896865
57.1,193.78903,96.894515
57.2,193.78435,96.892175
57.3,193.77966,96.88983
57.4,193.77498,96.88749
57.5,193.7703,96.88515
57.6,193.76562,96.88281
57.7,193.76096,96.88048
57.8,193.75629,96.878145
57.9,193.75162,96.87581
58,193.74696,96.87348
58.1,193.7423,96.87115
58.2,193.73764,96.86882
58.3,193.733,96.8665
58.4,193.72835,96.864175
58.5,193.72371,96.861855
58.6,193.71907,96.859535
58.7,193.71443,96.857215
58.8,193.7098,96.8549
58.9,193.70517,96.852585
59,193.70055,96.850275
59.1,193.69592,96.84796
59.2,193.6913,96.84565
59.3,193.68669,96.843345
59.4,193.68207,96.841035
59.5,193.67746,96.83873
59.6,193.67287,96.836435
59.7,193.66826,96.83413
59.8,193.66367,96.831835
59.9,193.65907,96.829535
60,193.65448,96.82724
60.1,193.64989,96.824945
60.2,193.64531,96.822655
60.3,193.64072,96.82036
60.4,193.63615,96.818075
60.5,193.63158,96.81579
60.6,193.627,96.8135
60.7,193.62244,96.81122
60.8,193.61787,96.808935
60.9,193.61331,96.806655
61,193.60876,96.80438
61.1,193.6042,96.8021
61.2,193.59966,96.79983
61.3,193.59511,96.797555
61.4,193.59058,96.79529
61.5,193.58603,96.793015
61.6,193.5815,96.79075
61.7,193.57697,96.788485
61.8,193.57243,96.786215
61.9,193.56792,96.78396
62,193.56339,96.781695
62.1,193.55887,96.779435
62.2,193.55435,96.777175
62.3,193.54985,96.774925
62.4,193.54533,96.772665
62.5,193.54083,96.770415
62.6,193.53633,96.768165
62.7,193.53185,96.765925
62.8,193.52734,96.76367
62.9,193.52286,96.76143
63,193.51837,96.759185
63.1,193.51389,96.756945
63.2,193.5094,96.7547
63.3,193.50493,96.752465
63.4,193.50046,96.75023
63.5,193.49599,96.747995
63.6,193.49152,96.74576
63.7,193.48705,96.743525
63.8,193.48259,96.741295
63.9,193.47813,96.739065
64,193.47368,96.73684
64.1,193.46924,96.73462
64.2,193.46478,96.73239
64.3,193.46034,96.73017
64.4,193.4559,96.72795
64.5,193.45146,96.72573
64.6,193.44704,96.72352
64.7,193.44261,96.721305
64.8,193.43819,96.719095
64.9,193.43376,96.71688
65,193.42934,96.71467
65.1,193.42493,96.712465
65.2,193.4205,96.71025
65.3,193.41609,96.708045
65.4,193.4117,96.70585
65.5,193.40729,96.703645
65.6,193.4029,96.70145
65.7,193.3985,96.69925
65.8,193.3941,96.69705
65.9,193.38971,96.694855
66,193.38533,96.692665
66.1,193.38095,96.690475
66.2,193.37657,96.688285
66.3,193.3722,96.6861
66.4,193.36781,96.683905
66.5,193.36345,96.681725
66.6,193.35909,96.679545
66.7,193.35472,96.67736
66.8,193.35036,96.67518
66.9,193.34601,96.673005
67,193.34164,96.67082
67.1,193.3373,96.66865
67.2,193.33295,96.666475
67.3,193.32861,96.664305
67.4,193.32426,96.66213
67.5,193.31993,96.659965
67.6,193.3156,96.6578
67.7,193.31128,96.65564
67.8,193.30695,96.653475
67.9,193.30263,96.651315
68,193.29831,96.649155
68.1,193.29399,96.646995
68.2,193.28967,96.644835
68.3,193.28535,96.642675
68.4,193.28105,96.640525
68.5,193.27675,96.638375
68.6,193.27245,96.636225
68.7,193.26816,96.63408
68.8,193.26385,96.631925
68.9,193.25957,96.629785
69,193.25528,96.62764
69.1,193.25099,96.625495
69.2,193.24672,96.62336
69.3,193.24243,96.621215
69.4,193.23816,96.61908
69.5,193.23389,96.616945
69.6,193.22963,96.614815
69.7,193.22536,96.61268
69.8,193.2211,96.61055
69.9,193.21684,96.60842
70,193.21259,96.606295
70.1,193.20833,96.604165
70.2,193.20409,96.602045
70.3,193.19984,96.59992
70.4,193.1956,96.5978
70.5,193.19136,96.59568
70.6,193.18712,96.59356
70.7,193.18289,96.591445
70.8,193.17867,96.589335
70.9,193.17444,96.58722
71,193.17021,96.585105
71.1,193.16599,96.582995
71.2,193.16177,96.580885
71.3,193.15756,96.57878
71.4,193.15335,96.576675
71.5,193.14914,96.57457
71.6,193.14494,96.57247
71.7,193.14075,96.570375
71.8,193.13654,96.56827
71.9,193.13235,96.566175
72,193.12816,96.56408
72.1,193.12396,96.56198
72.2,193.11978,96.55989
72.3,193.1156,96.5578
72.4,193.11142,96.55571
72.5,193.10725,96.553625
72.6,193.10307,96.551535
72.7,193.0989,96.54945
72.8,193.09474,96.54737
72.9,193.09058,96.54529
73,193.08641,96.543205
73.1,193.08226,96.54113
73.2,193.07811,96.539055
73.3,193.07396,96.53698
73.4,193.06981,96.534905
73.5,193.06567,96.532835
73.6,193.06152,96.53076
73.7,193.05739,96.528695
73.8,193.05325,96.526625
73.9,193.04912,96.52456
74,193.045,96.5225
74.1,193.04086,96.52043
74.2,193.03674,96.51837
74.3,193.03262,96.51631
74.4,193.0285,96.51425
74.5,193.0244,96.5122
74.6,193.0203,96.51015
74.7,193.01617,96.508085
74.8,193.01208,96.50604
74.9,193.00798,96.50399
75,193.00388,96.50194
75.1,192.99979,96.499895
75.2,192.9957,96.49785
75.3,192.99161,96.495805
75.4,192.98752,96.49376
75.5,192.98344,96.49172
75.6,192.97935,96.489675
75.7,192.97528,96.48764
75.8,192.9712,96.4856
75.9,192.96715,96.483575
76,192.96307,96.481535
76.1,192.95901,96.479505
76.2,192.95496,96.47748
76.3,192.9509,96.47545
76.4,192.94684,96.47342
76.5,192.9428,96.4714
76.6,192.93874,96.46937
76.7,192.9347,96.46735
76.8,192.93065,96.465325
76.9,192.92662,96.46331
77,192.92258,96.46129
77.1,192.91855,96.459275
77.2,192.91452,96.45726
77.3,192.91049,96.455245
77.4,192.90646,96.45323
77.5,192.90244,96.45122
77.6,192.89842,96.44921
77.7,192.89441,96.447205
77.8,192.8904,96.4452
77.9,192.88638,96.44319
78,192.88239,96.441195
78.1,192.87839,96.439195
78.2,192.87437,96.437185
78.3,192.87038,96.43519
78.4,192.8664,96.4332
78.5,192.8624,96.4312
78.6,192.85841,96.429205
78.7,192.85443,96.427215
78.8,192.85045,96.425225
78.9,192.84647,96.423235
79,192.84248,96.42124
79.1,192.83852,96.41926
79.2,192.83455,96.417275
79.3,192.83058,96.41529
79.4,192.82661,96.413305
79.5,192.82266,96.41133
79.6,192.8187,96.40935
79.7,192.81474,96.40737
79.8,192.81079,96.405395
79.9,192.80684,96.40342
80,192.8029,96.40145
80.1,192.79895,96.399475
80.2,192.79501,96.397505
80.3,192.79108,96.39554
80.4,192.78714,96.39357
80.5,192.78322,96.39161
80.6,192.77928,96.38964
80.7,192.77536,96.38768
80.8,192.77144,96.38572
80.9,192.76752,96.38376
81,192.7636,96.3818
81.1,192.75969,96.379845
81.2,192.75577,96.377885
81.3,192.75186,96.37593
81.4,192.74796,96.37398
81.5,192.74406,96.37203
81.6,192.74016,96.37008
81.7,192.73627,96.368135
81.8,192.73238,96.36619
81.9,192.72849,96.364245
82,192.7246,96.3623
82.1,192.72072,96.36036
82.2,192.71683,96.358415
82.3,192.71295,96.356475
82.4,192.70908,96.35454
82.5,192.7052,96.3526
82.6,192.70134,96.35067
82.7,192.69746,96.34873
82.8,192.6936,96.3468
82.9,192.68974,96.34487
83,192.68588,96.34294
83.1,192.68202,96.34101
83.2,192.67818,96.33909
83.3,192.67433,96.337165
83.4,192.67049,96.335245
83.5,192.66664,96.33332
83.6,192.6628,96.3314
83.7,192.65895,96.329475
83.8,192.65512,96.32756
83.9,192.65129,96.325645
84,192.64746,96.32373
84.1,192.64363,96.321815
84.2,192.63982,96.31991
84.3,192.63599,96.317995
84.4,192.63217,96.316085
84.5,192.62836,96.31418
84.6,192.62454,96.31227
84.7,192.62074,96.31037
84.8,192.61693,96.308465
84.9,192.61313,96.306565
85,192.60933,96.304665
85.1,192.60553,96.302765
85.2,192.60173,96.300865
85.3,192.59795,96.298975
85.4,192.59415,96.297075
85.5,192.59036,96.29518
85.6,192.58658,96.29329
85.7,192.5828,96.2914
85.8,192.57903,96.289515
85.9,192.57524,96.28762
86,192.57147,96.285735
86.1,192.5677,96.28385
86.2,192.56393,96.281965
86.3,192.56018,96.28009
86.4,192.55641,96.278205
86.5,192.55266,96.27633
86.6,192.5489,96.27445
86.7,192.54515,96.272575
86.8,192.5414,96.2707
86.9,192.53766,96.26883
87,192.5339,96.26695
87.1,192.53017,96.265085
87.2,192.52643,96.263215
87.3,192.52269,96.261345
87.4,192.51895,96.259475
87.5,192.51523,96.257615
87.6,192.5115,96.25575
87.7,192.50778,96.25389
87.8,192.50406,96.25203
87.9,192.50034,96.25017
88,192.49661,96.248305
88.1,192.4929,96.24645
88.2,192.4892,96.2446
88.3,192.48549,96.242745
88.4,192.48178,96.24089
88.5,192.47807,96.239035
88.6,192.47438,96.23719
88.7,192.47069,96.235345
88.8,192.467,96.2335
88.9,192.4633,96.23165
89,192.45961,96.229805
89.1,192.45592,96.22796
89.2,192.45224,96.22612
89.3,192.44856,96.22428
89.4,192.44489,96.222445
89.5,192.44121,96.220605
89.6,192.43753,96.218765
89.7,192.43387,96.216935
89.8,192.4302,96.2151
89.9,192.42653,96.213265
90,192.42288,96.21144
90.1,192.41922,96.20961
90.2,192.41556,96.20778
90.3,192.41191,96.205955
90.4,192.40826,96.20413
90.5,192.40462,96.20231
90.6,192.40097,96.200485
90.7,192.39732,96.19866
90.8,192.39368,96.19684
90.9,192.39005,96.195025
91,192.38641,96.193205
91.1,192.38278,96.19139
91.2,192.37915,96.189575
91.3,192.37553,96.187765
91.4,192.3719,96.18595
91.5,192.36829,96.184145
91.6,192.36467,96.182335
91.7,192.36105,96.180525
91.8,192.35744,96.17872
91.9,192.35384,96.17692
92,192.35022,96.17511
92.1,192.34662,96.17331
92.2,192.34302,96.17151
92.3,192.33942,96.16971
92.4,192.33583,96.167915
92.5,192.33223,96.166115
92.6,192.32864,96.16432
92.7,192.32506,96.16253
92.8,192.32147,96.160735
92.9,192.31789,96.158945
93,192.3143,96.15715
93.1,192.31073,96.155365
93.2,192.30714,96.15357
93.3,192.30357,96.151785
93.4,192.3,96.15
93.5,192.29645,96.148225
93.6,192.29288,96.14644
93.7,192.28932,96.14466
93.8,192.28577,96.142885
93.9,192.2822,96.1411
94,192.27866,96.13933
94.1,192.2751,96.13755
94.2,192.27155,96.135775
94.3,192.268,96.134
94.4,192.26447,96.132235
94.5,192.26093,96.130465
94.6,192.25739,96.128695
94.7,192.25385,96.126925
94.8,192.25032,96.12516
94.9,192.2468,96.1234
95,192.24326,96.12163
95.1,192.23973,96.119865
95.2,192.23622,96.11811
95.3,192.2327,96.11635
95.4,192.22919,96.114595
95.5,192.22566,96.11283
95.6,192.22215,96.111075
95.7,192.21864,96.10932
95.8,192.21513,96.107565
95.9,192.21164,96.10582
96,192.20813,96.104065
96.1,192.20464,96.10232
96.2,192.20114,96.10057
96.3,192.19765,96.098825
96.4,192.19415,96.097075
96.5,192.19067,96.095335
96.6,192.18718,96.09359
96.7,192.1837,96.09185
96.8,192.18022,96.09011
96.9,192.17674,96.08837
97,192.17326,96.08663
97.1,192.1698,96.0849
97.2,192.16634,96.08317
97.3,192.16286,96.08143
97.4,192.1594,96.0797
97.5,192.15593,96.077965
97.6,192.15248,96.07624
97.7,192.14902,96.07451
97.8,192.14557,96.072785
97.9,192.14212,96.07106
98,192.13866,96.06933
98.1,192.13522,96.06761
98.2,192.13177,96.065885
98.3,192.12833,96.064165
98.4,192.1249,96.06245
98.5,192.12146,96.06073
98.6,192.11803,96.059015
98.7,192.1146,96.0573
98.8,192.11116,96.05558
98.9,192.10774,96.05387
99,192.10431,96.052155
99.1,192.10089,96.050445
99.2,192.09747,96.048735
99.3,192.09406,96.04703
99.4,192.09065,96.045325
99.5,192.08723,96.043615
99.6,192.08383,96.041915
99.7,192.08041,96.040205
99.8,192.07701,96.038505
99.9,192.07362,96.03681
100,192.07022,96.03511
100.1,192.06682,96.03341
100.2,192.06343,96.031715
100.3,192.06004,96.03002
100.4,192.05666,96.02833
100.5,192.05327,96.026635
100.6,192.04988,96.02494
100.7,192.04651,96.023255
100.8,192.04312,96.02156
100.9,192.03975,96.019875
101,192.03638,96.01819
101.1,192.033,96.0165
101.2,192.02963,96.014815
101.3,192.02628,96.01314
101.4,192.0229,96.01145
101.5,192.01955,96.009775
101.6,192.01619,96.008095
101.7,192.01283,96.006415
101.8,192.00948,96.00474
101.9,192.00613,96.003065
102,192.00278,96.00139
102.1,191.99944,95.99972
102.2,191.9961,95.99805
102.3,191.99275,95.996375
102.4,191.98941,95.994705
102.5,191.98608,95.99304
102.6,191.98274,95.99137
102.7,191.97942,95.98971
102.8,191.97609,95.988045
102.9,191.97276,95.98638
103,191.96944,95.98472
103.1,191.96613,95.983065
103.2,191.9628,95.9814
103.3,191.95949,95.979745
103.4,191.95618,95.97809
103.5,191.95287,95.976435
103.6,191.94955,95.974775
103.7,191.94624,95.97312
103.8,191.94295,95.971475
103.9,191.93964,95.96982
104,191.93634,95.96817
104.1,191.93304,95.96652
104.2,191.92975,95.964875
104.3,191.92647,95.963235
104.4,191.92317,95.961585
104.5,191.91989,95.959945
104.6,191.9166,95.9583
104.7,191.91331,95.956655
104.8,191.91003,95.955015
104.9,191.90677,95.953385
105,191.90349,95.951745
105.1,191.90022,95.95011
105.2,191.89694,95.94847
105.3,191.89368,95.94684
105.4,191.89041,95.945205
105.5,191.88716,95.94358
105.6,191.8839,95.94195
105.7,191.88063,95.940315
105.8,191.87738,95.93869
105.9,191.87413,95.937065
106,191.87088,95.93544
106.1,191.86763,95.933815
106.2,191.86438,95.93219
106.3,191.86115,95.930575
106.4,191.85791,95.928955
106.5,191.85466,95.92733
106.6,191.85143,95.925715
106.7,191.84819,95.924095
106.8,191.84497,95.922485
106.9,191.84174,95.92087
107,191.83852,95.91926
107.1,191.83528,95.91764
107.2,191.83206,95.91603
107.3,191.82884,95.91442
107.4,191.82562,95.91281
107.5,191.82242,95.91121
107.6,191.8192,95.9096
107.7,191.816,95.908
107.8,191.81279,95.906395
107.9,191.80959,95.904795
108,191.80638,95.90319
108.1,191.80318,95.90159
108.2,191.79999,95.899995
108.3,191.79678,95.89839
108.4,191.7936,95.8968
108.5,191.7904,95.8952
108.6,191.78722,95.89361
108.7,191.78403,95.892015
108.8,191.78085,95.890425
108.9,191.77766,95.88883
109,191.77449,95.887245
109.1,191.77132,95.88566
109.2,191.76814,95.88407
109.3,191.76497,95.882485
109.4,191.7618,95.8809
109.5,191.75864,95.87932
109.6,191.75546,95.87773
109.7,191.7523,95.87615
109.8,191.74915,95.874575
109.9,191.74599,95.872995
110,191.74283,95.871415
110.1,191.73967,95.869835
110.2,191.73653,95.868265
110.3,191.73338,95.86669
110.4,191.73022,95.86511
110.5,191.72708,95.86354
110.6,191.72395,95.861975
110.7,191.72081,95.860405
110.8,191.71767,95.858835
110.9,191.71454,95.85727
111,191.71141,95.855705
111.1,191.70828,95.85414
111.2,191.70515,95.852575
111.3,191.70203,95.851015
111.4,191.6989,95.84945
111.5,191.69579,95.847895
111.6,191.69266,95.84633
111.7,191.68954,95.84477
111.8,191.68643,95.843215
111.9,191.68332,95.84166
112,191.6802,95.8401
112.1,191.67711,95.838555
112.2,191.674,95.837
112.3,191.6709,95.83545
112.4,191.6678,95.8339
112.5,191.6647,95.83235
112.6,191.6616,95.8308
112.7,191.65851,95.829255
112.8,191.65543,95.827715
112.9,191.65233,95.826165
113,191.64925,95.824625
113.1,191.64616,95.82308
113.2,191.64308,95.82154
113.3,191.64,95.82
113.4,191.63693,95.818465
113.5,191.63385,95.816925
113.6,191.63078,95.81539
113.7,191.62772,95.81386
113.8,191.62465,95.812325
113.9,191.62158,95.81079
114,191.61852,95.80926
114.1,191.61545,95.807725
114.2,191.6124,95.8062
114.3,191.60934,95.80467
114.4,191.60628,95.80314
114.5,191.60323,95.801615
114.6,191.60019,95.800095
114.7,191.59714,95.79857
114.8,191.59409,95.797045
114.9,191.59105,95.795525
115,191.58801,95.794005
115.1,191.58496,95.79248
115.2,191.58192,95.79096
115.3,191.5789,95.78945
115.4,191.57587,95.787935
115.5,191.57283,95.786415
115.6,191.56981,95.784905
115.7,191.56679,95.783395
115.8,191.56377,95.781885
115.9,191.56075,95.780375
116,191.55772,95.77886
116.1,191.5547,95.77735
116.2,191.5517,95.77585
116.3,191.54868,95.77434
116.4,191.54567,95.772835
116.5,191.54266,95.77133
116.6,191.53966,95.76983
116.7,191.53665,95.768325
116.8,191.53366,95.76683
116.9,191.53065,95.765325
117,191.52766,95.76383
117.1,191.52466,95.76233
117.2,191.52167,95.760835
117.3,191.51868,95.75934
117.4,191.5157,95.75785
117.5,191.51271,95.756355
117.6,191.50974,95.75487
117.7,191.50674,95.75337
117.8,191.50377,95.751885
117.9,191.5008,95.7504
118,191.49782,95.74891
118.1,191.49484,95.74742
118.2,191.49188,95.74594
118.3,191.4889,95.74445
118.4,191.48595,95.742975
118.5,191.48299,95.741495
118.6,191.48003,95.740015
118.7,191.47707,95.738535
118.8,191.4741,95.73705
118.9,191.47115,95.735575
119,191.4682,95.7341
119.1,191.46524,95.73262
119.2,191.4623,95.73115
119.3,191.45935,95.729675
119.4,191.4564,95.7282
119.5,191.45346,95.72673
119.6,191.45053,95.725265
119.7,191.44759,95.723795
119.8,191.44466,95.72233
119.9,191.44173,95.720865
120,191.4388,95.7194
120.1,191.43587,95.717935
120.2,191.43294,95.71647
120.3,191.43001,95.715005
120.4,191.4271,95.71355
120.5,191.42418,95.71209
120.6,191.42125,95.710625
120.7,191.41833,95.709165
120.8,191.41542,95.70771
120.9,191.41252,95.70626
121,191.4096,95.7048
121.1,191.4067,95.70335
121.2,191.4038,95.7019
121.3,191.4009,95.70045
121.4,191.398,95.699
121.5,191.3951,95.69755
121.6,191.3922,95.6961
121.7,191.3893,95.69465
121.8,191.38641,95.693205
121.9,191.38351,95.691755
122,191.38063,95.690315
122.1,191.37775,95.688875
122.2,191.37486,95.68743
122.3,191.37198,95.68599
122.4,191.3691,95.68455
122.5,191.36623,95.683115
122.6,191.36334,95.68167
122.7,191.36047,95.680235
122.8,191.3576,95.6788
122.9,191.35474,95.67737
123,191.35187,95.675935
123.1,191.349,95.6745
123.2,191.34615,95.673075
123.3,191.34328,95.67164
123.4,191.34042,95.67021
123.5,191.33757,95.668785
123.6,191.33472,95.66736
123.7,191.33186,95.66593
123.8,191.32901,95.664505
123.9,191.32616,95.66308
124,191.32332,95.66166
124.1,191.32048,95.66024
124.2,191.31763,95.658815
124.3,191.31479,95.657395
124.4,191.31195,95.655975
124.5,191.30913,95.654565
124.6,191.30629,95.653145
124.7,191.30345,95.651725
124.8,191.30063,95.650315
124.9,191.2978,95.6489
125,191.29498,95.64749
125.1,191.29216,95.64608
125.2,191.28934,95.64467
125.3,191.28651,95.643255
125.4,191.28369,95.641845
125.5,191.28088,95.64044
125.6,191.27808,95.63904
125.7,191.27527,95.637635
125.8,191.27246,95.63623
125.9,191.26965,95.634825
126,191.26685,95.633425
126.1,191.26404,95.63202
126.2,191.26125,95.630625
126.3,191.25844,95.62922
126.4,191.25565,95.627825
126.5,191.25285,95.626425
126.6,191.25006,95.62503
126.7,191.24727,95.623635
126.8,191.24449,95.622245
126.9,191.2417,95.62085
127,191.23892,95.61946
127.1,191.23613,95.618065
127.2,191.23335,95.616675
127.3,191.23058,95.61529
127.4,191.2278,95.6139
127.5,191.22502,95.61251
127.6,191.22226,95.61113
127.7,191.21948,95.60974
127.8,191.21672,95.60836
127.9,191.21396,95.60698
128,191.2112,95.6056
128.1,191.20844,95.60422
128.2,191.20567,95.602835
128.3,191.20291,95.601455
128.4,191.20016,95.60008
128.5,191.1974,95.5987
128.6,191.19466,95.59733
128.7,191.19191,95.595955
128.8,191.18916,95.59458
128.9,191.18642,95.59321
129,191.18367,95.591835
129.1,191.18094,95.59047
129.2,191.17819,95.589095
129.3,191.17546,95.58773
129.4,191.17271,95.586355
129.5,191.16998,95.58499
129.6,191.16725,95.583625
129.7,191.16454,95.58227
129.8,191.1618,95.5809
129.9,191.15907,95.579535
130,191.15636,95.57818
130.1,191.15363,95.576815
130.2,191.15091,95.575455
130.3,191.1482,95.5741
130.4,191.14548,95.57274
130.5,191.14278,95.57139
130.6,191.14006,95.57003
130.7,191.13734,95.56867
130.8,191.13464,95.56732
130.9,191.13194,95.56597
131,191.12924,95.56462
131.1,191.12654,95.56327
131.2,191.12384,95.56192
131.3,191.12114,95.56057
131.4,191.11844,95.55922
131.5,191.11575,95.557875
131.6,191.11305,95.556525
131.7,191.11037,95.555185
131.8,191.10768,95.55384
131.9,191.105,95.5525
132,191.10231,95.551155
132.1,191.09964,95.54982
132.2,191.09695,95.548475
132.3,191.09427,95.547135
132.4,191.0916,95.5458
132.5,191.08893,95.544465
132.6,191.08626,95.54313
132.7,191.08359,95.541795
132.8,191.08092,95.54046
132.9,191.07825,95.539125
133,191.07559,95.537795
133.1,191.07292,95.53646
133.2,191.07027,95.535135
133.3,191.06761,95.533805
133.4,191.06496,95.53248
133.5,191.0623,95.53115
133.6,191.05965,95.529825
133.7,191.05699,95.528495
133.8,191.05435,95.527175
133.9,191.05171,95.525855
134,191.04906,95.52453
134.1,191.04642,95.52321
134.2,191.04378,95.52189
134.3,191.04114,95.52057
134.4,191.0385,95.51925
134.5,191.03587,95.517935
134.6,191.03323,95.516615
134.7,191.03061,95.515305
134.8,191.02798,95.51399
134.9,191.02534,95.51267
135,191.02272,95.51136
135.1,191.0201,95.51005
135.2,191.01749,95.508745
135.3,191.01486,95.50743
135.4,191.01225,95.506125
135.5,191.00963,95.504815
135.6,191.00702,95.50351
135.7,191.00441,95.502205
135.8,191.0018,95.5009
135.9,190.99919,95.499595
136,190.99658,95.49829
136.1,190.99397,95.496985
136.2,190.99138,95.49569
136.3,190.98878,95.49439
136.4,190.98618,95.49309
136.5,190.98358,95.49179
136.6,190.98099,95.490495
136.7,190.9784,95.4892
136.8,190.9758,95.4879
136.9,190.97322,95.48661
137,190.97063,95.485315
137.1,190.96805,95.484025
137.2,190.96547,95.482735
137.3,190.96288,95.48144
137.4,190.9603,95.48015
137.5,190.95773,95.478865
137.6,190.95515,95.477575
137.7,190.95258,95.47629
137.8,190.95001,95.475005
137.9,190.94743,95.473715
138,190.94487,95.472435
138.1,190.9423,95.47115
138.2,190.93974,95.46987
138.3,190.93718,95.46859
138.4,190.93462,95.46731
138.5,190.93205,95.466025
138.6,190.9295,95.46475
138.7,190.92694,95.46347
138.8,190.9244,95.4622
138.9,190.92184,95.46092
139,190.9193,95.45965
139.1,190.91675,95.458375
139.2,190.9142,95.4571
139.3,190.91165,95.455825
139.4,190.90912,95.45456
139.5,190.90657,95.453285
139.6,190.90404,95.45202
139.7,190.9015,95.45075
139.8,190.89897,95.449485
139.9,190.89644,95.44822
140,190.8939,95.44695
140.1,190.89137,95.445685
140.2,190.88885,95.444425
140.3,190.88632,95.44316
140.4,190.8838,95.4419
140.5,190.88129,95.440645
140.6,190.87875,95.439375
140.7,190.87624,95.43812
140.8,190.87373,95.436865
140.9,190.87122,95.43561
141,190.8687,95.43435
141.1,190.8662,95.4331
141.2,190.86368,95.43184
141.3,190.86118,95.43059
141.4,190.85867,95.429335
141.5,190.85617,95.428085
141.6,190.85367,95.426835
141.7,190.85117,95.425585
141.8,190.84866,95.42433
141.9,190.84618,95.42309
142,190.84369,95.421845
142.1,190.84119,95.420595
142.2,190.8387,95.41935
142.3,190.83621,95.418105
142.4,190.83372,95.41686
142.5,190.83124,95.41562
142.6,190.82875,95.414375
142.7,190.82628,95.41314
142.8,190.82379,95.411895
142.9,190.82132,95.41066
143,190.81885,95.409425
143.1,190.81638,95.40819
143.2,190.8139,95.40695
143.3,190.81143,95.405715
143.4,190.80896,95.40448
143.5,190.80649,95.403245
143.6,190.80403,95.402015
143.7,190.80156,95.40078
143.8,190.7991,95.39955
143.9,190.79665,95.398325
144,190.79419,95.397095
144.1,190.79173,95.395865
144.2,190.78928,95.39464
144.3,190.78682,95.39341
144.4,190.78438,95.39219
144.5,190.78192,95.39096
144.6,190.77948,95.38974
144.7,190.77704,95.38852
144.8,190.7746,95.3873
144.9,190.77216,95.38608
145,190.76971,95.384855
145.1,190.76727,95.383635
145.2,190.76483,95.382415
145.3,190.7624,95.3812
145.4,190.75996,95.37998
145.5,190.75754,95.37877
145.6,190.75511,95.377555
145.7,190.75269,95.376345
145.8,190.75026,95.37513
145.9,190.74783,95.373915
146,190.7454,95.3727
146.1,190.743,95.3715
146.2,190.74057,95.370285
146.3,190.73816,95.36908
146.4,190.73575,95.367875
146.5,190.73332,95.36666
146.6,190.73091,95.365455
146.7,190.7285,95.36425
146.8,190.7261,95.36305
146.9,190.7237,95.36185
147,190.72128,95.36064
147.1,190.71889,95.359445
147.2,190.71649,95.358245
147.3,190.71408,95.35704
147.4,190.71169,95.355845
147.5,190.70929,95.354645
147.6,190.7069,95.35345
147.7,190.70451,95.352255
147.8,190.70212,95.35106
147.9,190.69972,95.34986
148,190.69734,95.34867
148.1,190.69496,95.34748
148.2,190.69257,95.346285
148.3,190.69019,95.345095
148.4,190.6878,95.3439
148.5,190.68544,95.34272
148.6,190.68306,95.34153
148.7,190.68068,95.34034
148.8,190.67831,95.339155
148.9,190.67593,95.337965
149,190.67357,95.336785
149.1,190.6712,95.3356
149.2,190.66884,95.33442
149.3,190.66647,95.333235
149.4,190.66411,95.332055
149.5,190.66174,95.33087
149.6,190.6594,95.3297
149.7,190.65703,95.328515
149.8,190.65468,95.32734
149.9,190.65233,95.326165
150,190.64996,95.32498
150.1,190.64996,95.32498
150.2,190.64996,95.32498
150.3,190.64763,95.323815
150.4,190.64528,95.32264
150.5,190.64293,95.321465
150.6,190.6406,95.3203
150.7,190.63826,95.31913
150.8,190.63593,95.317965
150.9,190.63358,95.31679
151,190.63124,95.31562
151.1,190.6289,95.31445
151.2,190.62657,95.313285
151.3,190.62424,95.31212
151.4,190.6219,95.31095
151.5,190.61957,95.309785
151.6,190.61725,95.308625
151.7,190.61491,95.307455
151.8,190.6126,95.3063
151.9,190.61028,95.30514
152,190.60794,95.30397
152.1,190.60562,95.30281
152.2,190.6033,95.30165
152.3,190.601,95.3005
152.4,190.59868,95.29934
152.5,190.59636,95.29818
152.6,190.59406,95.29703
152.7,190.59174,95.29587
152.8,190.58943,95.294715
152.9,190.58713,95.293565
153,190.58482,95.29241
153.1,190.58252,95.29126
153.2,190.58022,95.29011
153.3,190.57791,95.288955
153.4,190.57562,95.28781
153.5,190.57332,95.28666
153.6,190.57103,95.285515
153.7,190.56874,95.28437
153.8,190.56644,95.28322
153.9,190.56415,95.282075
154,190.56186,95.28093
154.1,190.55959,95.279795
154.2,190.5573,95.27865
154.3,190.55501,95.277505
154.4,190.55273,95.276365
154.5,190.55045,95.275225
154.6,190.54817,95.274085
154.7,190.5459,95.27295
154.8,190.54362,95.27181
154.9,190.54135,95.270675
155,190.53908,95.26954
155.1,190.5368,95.2684
155.2,190.53453,95.267265
155.3,190.53227,95.266135
155.4,190.53,95.265
155.5,190.52774,95.26387
155.6,190.52548,95.26274
155.7,190.52322,95.26161
155.8,190.52097,95.260485
155.9,190.5187,95.25935
156,190.51645,95.258225
156.1,190.51419,95.257095
156.2,190.51195,95.255975
156.3,190.50969,95.254845
156.4,190.50745,95.253725
156.5,190.5052,95.2526
156.6,190.50296,95.25148
156.7,190.5007,95.25035
156.8,190.49847,95.249235
156.9,190.49623,95.248115
157,190.49399,95.246995
157.1,190.49174,95.24587
157.2,190.48952,95.24476
157.3,190.48727,95.243635
157.4,190.48505,95.242525
157.5,190.48282,95.24141
157.6,190.48059,95.240295
157.7,190.47836,95.23918
157.8,190.47614,95.23807
157.9,190.4739,95.23695
158,190.4717,95.23585
158.1,190.46947,95.234735
158.2,190.46725,95.233625
158.3,190.46503,95.232515
158.4,190.46281,95.231405
158.5,190.4606,95.2303
158.6,190.45839,95.229195
158.7,190.45618,95.22809
158.8,190.45396,95.22698
158.9,190.45175,95.225875
159,190.44955,95.224775
159.1,190.44734,95.22367
159.2,190.44514,95.22257
159.3,190.44295,95.221475
159.4,190.44073,95.220365
159.5,190.43854,95.21927
159.6,190.43634,95.21817
159.7,190.43416,95.21708
159.8,190.43196,95.21598
159.9,190.42976,95.21488
160,190.42758,95.21379
160.1,190.42538,95.21269
160.2,190.4232,95.2116
160.3,190.42102,95.21051
160.4,190.41882,95.20941
160.5,190.41664,95.20832
160.6,190.41446,95.20723
160.7,190.4123,95.20615
160.8,190.41011,95.205055
160.9,190.40793,95.203965
161,190.40576,95.20288
161.1,190.40358,95.20179
161.2,190.40141,95.200705
161.3,190.39925,95.199625
161.4,190.39708,95.19854
161.5,190.39491,95.197455
161.6,190.39275,95.196375
161.7,190.39058,95.19529
161.8,190.38841,95.194205
161.9,190.38626,95.19313
162,190.3841,95.19205
162.1,190.38194,95.19097
162.2,190.37979,95.189895
162.3,190.37764,95.18882
162.4,190.37549,95.187745
162.5,190.37334,95.18667
162.6,190.37119,95.185595
162.7,190.36903,95.184515
162.8,190.36688,95.18344
162.9,190.36475,95.182375
163,190.3626,95.1813
163.1,190.36046,95.18023
163.2,190.35832,95.17916
163.3,190.35619,95.178095
163.4,190.35405,95.177025
163.5,190.35191,95.175955
163.6,190.34978,95.17489
163.7,190.34764,95.17382
163.8,190.34552,95.17276
163.9,190.34338,95.17169
164,190.34126,95.17063
164.1,190.33913,95.169565
164.2,190.337,95.1685
164.3,190.33488,95.16744
164.4,190.33276,95.16638
164.5,190.33064,95.16532
164.6,190.32852,95.16426
164.7,190.3264,95.1632
164.8,190.3243,95.16215
164.9,190.32217,95.161085
165,190.32007,95.160035
165.1,190.31796,95.15898
165.2,190.31584,95.15792
165.3,190.31374,95.15687
165.4,190.31163,95.155815
165.5,190.30952,95.15476
165.6,190.30742,95.15371
165.7,190.30533,95.152665
165.8,190.30322,95.15161
165.9,190.30113,95.150565
166,190.29903,95.149515
166.1,190.29694,95.14847
166.2,190.29485,95.147425
166.3,190.29276,95.14638
166.4,190.29066,95.14533
166.5,190.28857,95.144285
166.6,190.28648,95.14324
166.7,190.2844,95.1422
166.8,190.28232,95.14116
166.9,190.28023,95.140115
167,190.27815,95.139075
167.1,190.27606,95.13803
167.2,190.27399,95.136995
167.3,190.27191,95.135955
167.4,190.26984,95.13492
167.5,190.26776,95.13388
167.6,190.26569,95.132845
167.7,190.26361,95.131805
167.8,190.26155,95.130775
167.9,190.25948,95.12974
168,190.25742,95.12871
168.1,190.25536,95.12768
168.2,190.25328,95.12664
168.3,190.25122,95.12561
168.4,190.24916,95.12458
168.5,190.2471,95.12355
168.6,190.24504,95.12252
168.7,190.243,95.1215
168.8,190.24094,95.12047
168.9,190.23888,95.11944
169,190.23683,95.118415
169.1,190.23479,95.117395
169.2,190.23273,95.116365
169.3,190.23068,95.11534
169.4,190.22864,95.11432
169.5,190.2266,95.1133
169.6,190.22455,95.112275
169.7,190.2225,95.11125
169.8,190.22047,95.110235
169.9,190.21843,95.109215
170,190.2164,95.1082
170.1,190.21436,95.10718
170.2,190.21233,95.106165
170.3,190.2103,95.10515
170.4,190.20827,95.104135
170.5,190.20624,95.10312
170.6,190.20421,95.102105
170.7,190.20218,95.10109
170.8,190.20015,95.100075
170.9,190.19814,95.09907
171,190.1961,95.09805
171.1,190.19409,95.097045
171.2,190.19206,95.09603
171.3,190.19005,95.095025
171.4,190.18803,95.094015
171.5,190.18602,95.09301
171.6,190.184,95.092
171.7,190.18199,95.090995
171.8,190.18,95.09
171.9,190.17798,95.08899
172,190.17596,95.08798
172.1,190.17397,95.086985
172.2,190.17197,95.085985
172.3,190.16995,95.084975
172.4,190.16795,95.083975
172.5,190.16595,95.082975
172.6,190.16396,95.08198
172.7,190.16196,95.08098
172.8,190.15996,95.07998
172.9,190.15797,95.078985
173,190.15598,95.07799
173.1,190.15398,95.07699
173.2,190.152,95.076
173.3,190.15001,95.075005
173.4,190.14803,95.074015
173.5,190.14603,95.073015
173.6,190.14404,95.07202
173.7,190.14206,95.07103
173.8,190.14009,95.070045
173.9,190.1381,95.06905
174,190.13612,95.06806
174.1,190.13416,95.06708
174.2,190.13217,95.066085
174.3,190.1302,95.0651
174.4,190.12822,95.06411
174.5,190.12625,95.063125
174.6,190.12428,95.06214
174.7,190.12231,95.061155
174.8,190.12035,95.060175
174.9,190.11838,95.05919
175,190.11642,95.05821
175.1,190.11446,95.05723
175.2,190.11249,95.056245
175.3,190.11053,95.055265
175.4,190.10858,95.05429
175.5,190.10661,95.053305
175.6,190.10466,95.05233
175.7,190.1027,95.05135
175.8,190.10075,95.050375
175.9,190.0988,95.0494
176,190.09685,95.048425
176.1,190.09491,95.047455
176.2,190.09296,95.04648
176.3,190.09102,95.04551
176.4,190.08907,95.044535
176.5,190.08713,95.043565
176.6,190.08519,95.042595
176.7,190.08324,95.04162
176.8,190.0813,95.04065
176.9,190.07936,95.03968
177,190.07742,95.03871
177.1,190.0755,95.03775
177.2,190.07356,95.03678
177.3,190.07162,95.03581
177.4,190.0697,95.03485
177.5,190.06776,95.03388
177.6,190.06584,95.03292
177.7,190.06392,95.03196
177.8,190.062,95.031
177.9,190.06007,95.030035
178,190.05815,95.029075
178.1,190.05623,95.028115
178.2,190.0543,95.02715
178.3,190.05238,95.02619
178.4,190.05048,95.02524
178.5,190.04855,95.024275
178.6,190.04665,95.023325
178.7,190.04472,95.02236
178.8,190.04282,95.02141
178.9,190.04091,95.020455
179,190.039,95.0195
179.1,190.0371,95.01855
179.2,190.03519,95.017595
179.3,190.03328,95.01664
179.4,190.03139,95.015695
179.5,190.02948,95.01474
179.6,190.02759,95.013795
179.7,190.02568,95.01284
179.8,190.02379,95.011895
179.9,190.0219,95.01095
180,190.01999,95.009995
180.1,190.0181,95.00905
180.2,190.0162,95.0081
180.3,190.01431,95.007155
180.4,190.01244,95.00622
180.5,190.01054,95.00527
180.6,190.00865,95.004325
180.7,190.00677,95.003385
180.8,190.00488,95.00244
180.9,190.003,95.0015
181,190.00113,95.000565
181.1,189.99925,94.999625
181.2,189.99738,94.99869
181.3,189.9955,94.99775
181.4,189.99362,94.99681
181.5,189.99174,94.99587
181.6,189.98987,94.994935
181.7,189.98799,94.993995
181.8,189.98613,94.993065
181.9,189.98425,94.992125
182,189.98239,94.991195
182.1,189.98053,94.990265
182.2,189.97867,94.989335
182.3,189.97679,94.988395
182.4,189.97493,94.987465
182.5,189.97308,94.98654
182.6,189.97122,94.98561
182.7,189.96936,94.98468
182.8,189.9675,94.98375
182.9,189.96565,94.982825
183,189.96379,94.981895
183.1,189.96194,94.98097
183.2,189.96008,94.98004
183.3,189.95824,94.97912
183.4,189.95639,94.978195
183.5,189.95454,94.97727
183.6,189.9527,94.97635
183.7,189.95085,94.975425
183.8,189.949,94.9745
183.9,189.94717,94.973585
184,189.94533,94.972665
184.1,189.9435,94.97175
184.2,189.94165,94.970825
184.3,189.93982,94.96991
184.4,189.93799,94.968995
184.5,189.93614,94.96807
184.6,189.93431,94.967155
184.7,189.93248,94.96624
184.8,189.93065,94.965325
184.9,189.92883,94.964415
185,189.927,94.9635
185.1,189.92517,94.962585
185.2,189.92336,94.96168
185.3,189.92152,94.96076
185.4,189.91971,94.959855
185.5,189.91788,94.95894
185.6,189.91606,94.95803
185.7,189.91425,94.957125
185.8,189.91243,94.956215
185.9,189.91061,94.955305
186,189.9088,94.9544
186.1,189.90698,94.95349
186.2,189.90518,94.95259
186.3,189.90337,94.951685
186.4,189.90155,94.950775
186.5,189.89975,94.949875
186.6,189.89795,94.948975
186.7,189.89613,94.948065
186.8,189.89433,94.947165
186.9,189.89253,94.946265
187,189.89073,94.945365
187.1,189.88893,94.944465
187.2,189.88713,94.943565
187.3,189.88533,94.942665
187.4,189.88354,94.94177
187.5,189.88174,94.94087
187.6,189.87996,94.93998
187.7,189.87816,94.93908
187.8,189.87637,94.938185
187.9,189.87459,94.937295
188,189.87279,94.936395
188.1,189.871,94.9355
188.2,189.86922,94.93461
188.3,189.86743,94.933715
188.4,189.86566,94.93283
188.5,189.86388,94.93194
188.6,189.86209,94.931045
188.7,189.8603,94.93015
188.8,189.85854,94.92927
188.9,189.85677,94.928385
189,189.85498,94.92749
189.1,189.85321,94.926605
189.2,189.85144,94.92572
189.3,189.84967,94.924835
189.4,189.8479,94.92395
189.5,189.84613,94.923065
189.6,189.84436,94.92218
189.7,189.84259,94.921295
189.8,189.84084,94.92042
189.9,189.83907,94.919535
190,189.83731,94.918655
190.1,189.83554,94.91777
190.2,189.83379,94.916895
190.3,189.83203,94.916015
190.4,189.83026,94.91513
190.5,189.8285,94.91425
190.6,189.82675,94.913375
190.7,189.825,94.9125
190.8,189.82326,94.91163
190.9,189.8215,94.91075
191,189.81975,94.909875
191.1,189.81801,94.909005
191.2,189.81625,94.908125
191.3,189.81451,94.907255
191.4,189.81276,94.90638
191.5,189.81102,94.90551
191.6,189.80928,94.90464
191.7,189.80754,94.90377
191.8,189.8058,94.9029
191.9,189.80406,94.90203
192,189.80232,94.90116
192.1,189.80058,94.90029
192.2,189.79886,94.89943
192.3,189.79712,94.89856
192.4,189.79538,94.89769
192.5,189.79366,94.89683
192.6,189.79193,94.895965
192.7,189.79019,94.895095
192.8,189.78847,94.894235
192.9,189.78674,94.89337
193,189.78502,94.89251
193.1,189.7833,94.89165
193.2,189.78157,94.890785
193.3,189.77985,94.889925
193.4,189.77814,94.88907
193.5,189.77641,94.888205
193.6,189.7747,94.88735
193.7,189.77298,94.88649
193.8,189.77127,94.885635
193.9,189.76956,94.88478
194,189.76784,94.88392
194.1,189.76613,94.883065
194.2,189.76442,94.88221
194.3,189.76271,94.881355
194.4,189.761,94.8805
194.5,189.75931,94.879655
194.6,189.7576,94.8788
194.7,189.75589,94.877945
194.8,189.7542,94.8771
194.9,189.75249,94.876245
195,189.7508,94.8754
195.1,189.74908,94.87454
195.2,189.74739,94.873695
195.3,189.7457,94.87285
195.4,189.744,94.872
195.5,189.74231,94.871155
195.6,189.74062,94.87031
195.7,189.73892,94.86946
195.8,189.73723,94.868615
195.9,189.73555,94.867775
196,189.73386,94.86693
196.1,189.73218,94.86609
196.2,189.73048,94.86524
196.3,189.7288,94.8644
196.4,189.72711,94.863555
196.5,189.72543,94.862715
196.6,189.72375,94.861875
196.7,189.72208,94.86104
196.8,189.7204,94.8602
196.9,189.71872,94.85936
197,189.71704,94.85852
197.1,189.71538,94.85769
197.2,189.7137,94.85685
197.3,189.71202,94.85601
197.4,189.71036,94.85518
197.5,189.7087,94.85435
197.6,189.70702,94.85351
197.7,189.70535,94.852675
197.8,189.70369,94.851845
197.9,189.70203,94.851015
198,189.70036,94.85018
198.1,189.6987,94.84935
198.2,189.69704,94.84852
198.3,189.69537,94.847685
198.4,189.69371,94.846855
198.5,189.69206,94.84603
198.6,189.6904,94.8452
198.7,189.68875,94.844375
198.8,189.68709,94.843545
198.9,189.68544,94.84272
199,189.68379,94.841895
199.1,189.68214,94.84107
199.2,189.6805,94.84025
199.3,189.67885,94.839425
199.4,189.6772,94.8386
199.5,189.67555,94.837775
199.6,189.6739,94.83695
199.7,189.67226,94.83613
199.8,189.67062,94.83531
199.9,189.66898,94.83449
200,189.66734,94.83367
200.1,189.6657,94.83285
200.2,189.66406,94.83203
200.3,189.66243,94.831215
200.4,189.6608,94.8304
200.5,189.65916,94.82958
200.6,189.65753,94.828765
200.7,189.6559,94.82795
200.8,189.65427,94.827135
200.9,189.65263,94.826315
201,189.651,94.8255
201.1,189.64938,94.82469
201.2,189.64775,94.823875
201.3,189.64613,94.823065
201.4,189.6445,94.82225
201.5,189.64288,94.82144
201.6,189.64127,94.820635
201.7,189.63965,94.819825
201.8,189.63803,94.819015
201.9,189.63641,94.818205
202,189.6348,94.8174
202.1,189.63318,94.81659
202.2,189.63156,94.81578
202.3,189.62994,94.81497
202.4,189.62834,94.81417
202.5,189.62672,94.81336
202.6,189.62512,94.81256
202.7,189.6235,94.81175
202.8,189.6219,94.81095
202.9,189.6203,94.81015
203,189.6187,94.80935
203.1,189.6171,94.80855
203.2,189.6155,94.80775
203.3,189.61389,94.806945
203.4,189.61229,94.806145
203.5,189.61069,94.805345
203.6,189.60909,94.804545
203.7,189.6075,94.80375
203.8,189.6059,94.80295
203.9,189.60431,94.802155
204,189.6027,94.80135
204.1,189.60112,94.80056
204.2,189.59953,94.799765
204.3,189.59793,94.798965
204.4,189.59634,94.79817
204.5,189.59476,94.79738
204.6,189.59317,94.796585
204.7,189.59158,94.79579
204.8,189.59001,94.795005
204.9,189.58842,94.79421
205,189.58684,94.79342
205.1,189.58527,94.792635
205.2,189.58368,94.79184
205.3,189.5821,94.79105
205.4,189.58052,94.79026
205.5,189.57895,94.789475
205.6,189.57738,94.78869
205.7,189.5758,94.7879
205.8,189.57423,94.787115
205.9,189.57266,94.78633
206,189.57109,94.785545
206.1,189.56952,94.78476
206.2,189.56795,94.783975
206.3,189.56639,94.783195
206.4,189.56482,94.78241
206.5,189.56325,94.781625
206.6,189.56169,94.780845
206.7,189.56012,94.78006
206.8,189.55856,94.77928
206.9,189.557,94.7785
207,189.55545,94.777725
207.1,189.5539,94.77695
207.2,189.55234,94.77617
207.3,189.55078,94.77539
207.4,189.54922,94.77461
207.5,189.54767,94.773835
207.6,189.54611,94.773055
207.7,189.54457,94.772285
207.8,189.54301,94.771505
207.9,189.54146,94.77073
208,189.53992,94.76996
208.1,189.53838,94.76919
208.2,189.53682,94.76841
208.3,189.53528,94.76764
208.4,189.53374,94.76687
208.5,189.5322,94.7661
208.6,189.53065,94.765325
208.7,189.52911,94.764555
208.8,189.52757,94.763785
208.9,189.52603,94.763015
209,189.5245,94.76225
209.1,189.52296,94.76148
209.2,189.52142,94.76071
209.3,189.5199,94.75995
209.4,189.51836,94.75918
209.5,189.51683,94.758415
209.6,189.5153,94.75765
209.7,189.51378,94.75689
209.8,189.51225,94.756125
209.9,189.51071,94.755355
210,189.50919,94.754595
210.1,189.50768,94.75384
210.2,189.50615,94.753075
210.3,189.50462,94.75231
210.4,189.5031,94.75155
210.5,189.50159,94.750795
210.6,189.50006,94.75003
210.7,189.49855,94.749275
210.8,189.49702,94.74851
210.9,189.49551,94.747755
211,189.49399,94.746995
211.1,189.49248,94.74624
211.2,189.49097,94.745485
211.3,189.48946,94.74473
211.4,189.48795,94.743975
211.5,189.48643,94.743215
211.6,189.48492,94.74246
211.7,189.48343,94.741715
211.8,189.48192,94.74096
211.9,189.48041,94.740205
212,189.47891,94.739455
212.1,189.4774,94.7387
212.2,189.4759,94.73795
212.3,189.4744,94.7372
212.4,189.4729,94.73645
212.5,189.4714,94.7357
212.6,189.46991,94.734955
212.7,189.46841,94.734205
212.8,189.46692,94.73346
212.9,189.46542,94.73271
213,189.46393,94.731965
213.1,189.46243,94.731215
213.2,189.46094,94.73047
213.3,189.45946,94.72973
213.4,189.45796,94.72898
213.5,189.45648,94.72824
213.6,189.45499,94.727495
213.7,189.4535,94.72675
213.8,189.45201,94.726005
213.9,189.45053,94.725265
214,189.44905,94.724525
214.1,189.44757,94.723785
214.2,189.44609,94.723045
214.3,189.44461,94.722305
214.4,189.44313,94.721565
214.5,189.44165,94.720825
214.6,189.44019,94.720095
214.7,189.4387,94.71935
214.8,189.43723,94.718615
214.9,189.43576,94.71788
215,189.43428,94.71714
215.1,189.43282,94.71641
215.2,189.43135,94.715675
215.3,189.42987,94.714935
215.4,189.4284,94.7142
215.5,189.42694,94.71347
215.6,189.42548,94.71274
215.7,189.42401,94.712005
215.8,189.42255,94.711275
215.9,189.42108,94.71054
216,189.41963,94.709815
216.1,189.41817,94.709085
216.2,189.4167,94.70835
216.3,189.41525,94.707625
216.4,189.41379,94.706895
216.5,189.41234,94.70617
216.6,189.41087,94.705435
216.7,189.40942,94.70471
216.8,189.40797,94.703985
216.9,189.40652,94.70326
217,189.40508,94.70254
217.1,189.40363,94.701815
217.2,189.40218,94.70109
217.3,189.40073,94.700365
217.4,189.39928,94.69964
217.5,189.39783,94.698915
217.6,189.3964,94.6982
217.7,189.39494,94.69747
217.8,189.39351,94.696755
217.9,189.39206,94.69603
218,189.39062,94.69531
218.1,189.38918,94.69459
218.2,189.38774,94.69387
218.3,189.3863,94.69315
218.4,189.38487,94.692435
218.5,189.38344,94.69172
218.6,189.382,94.691
218.7,189.38057,94.690285
218.8,189.37914,94.68957
218.9,189.3777,94.68885
219,189.37627,94.688135
219.1,189.37485,94.687425
219.2,189.37341,94.686705
219.3,189.372,94.686
219.4,189.37056,94.68528
219.5,189.36914,94.68457
219.6,189.3677,94.68385
219.7,189.36629,94.683145
219.8,189.36487,94.682435
219.9,189.36345,94.681725
220,189.36203,94.681015
220.1,189.36061,94.680305
220.2,189.35919,94.679595
220.3,189.35777,94.678885
220.4,189.35635,94.678175
220.5,189.35495,94.677475
220.6,189.35353,94.676765
220.7,189.35211,94.676055
220.8,189.35071,94.675355
220.9,189.34929,94.674645
221,189.34789,94.673945
221.1,189.34648,94.67324
221.2,189.34506,94.67253
221.3,189.34366,94.67183
221.4,189.34225,94.671125
221.5,189.34085,94.670425
221.6,189.33945,94.669725
221.7,189.33804,94.66902
221.8,189.33664,94.66832
221.9,189.33524,94.66762
222,189.33385,94.666925
222.1,189.33244,94.66622
222.2,189.33104,94.66552
222.3,189.32965,94.664825
222.4,189.32825,94.664125
222.5,189.32686,94.66343
222.6,189.32547,94.662735
222.7,189.32407,94.662035
222.8,189.32268,94.66134
222.9,189.32129,94.660645
223,189.3199,94.65995
223.1,189.31851,94.659255
223.2,189.31712,94.65856
223.3,189.31573,94.657865
223.4,189.31435,94.657175
223.5,189.31297,94.656485
223.6,189.31158,94.65579
223.7,189.3102,94.6551
223.8,189.30882,94.65441
223.9,189.30743,94.653715
224,189.30606,94.65303
224.1,189.30467,94.652335
224.2,189.3033,94.65165
224.3,189.30193,94.650965
224.4,189.30055,94.650275
224.5,189.29918,94.64959
224.6,189.2978,94.6489
224.7,189.29643,94.648215
224.8,189.29506,94.64753
224.9,189.29369,94.646845
225,189.29231,94.646155
225.1,189.29094,94.64547
225.2,189.28958,94.64479
225.3,189.28821,94.644105
225.4,189.28685,94.643425
225.5,189.28548,94.64274
225.6,189.28412,94.64206
225.7,189.28275,94.641375
225.8,189.28139,94.640695
225.9,189.28003,94.640015
226,189.27867,94.639335
226.1,189.27731,94.638655
226.2,189.27596,94.63798
226.3,189.2746,94.6373
226.4,189.27324,94.63662
226.5,189.27188,94.63594
226.6,189.27052,94.63526
226.7,189.26918,94.63459
226.8,189.26782,94.63391
226.9,189.26646,94.63323
227,189.26512,94.63256
227.1,189.26376,94.63188
227.2,189.26242,94.63121
227.3,189.26108,94.63054
227.4,189.25974,94.62987
227.5,189.25838,94.62919
227.6,189.25703,94.628515
227.7,189.25569,94.627845
227.8,189.25435,94.627175
227.9,189.253,94.6265
228,189.25166,94.62583
228.1,189.25034,94.62517
228.2,189.249,94.6245
228.3,189.24765,94.623825
228.4,189.24632,94.62316
228.5,189.24498,94.62249
228.6,189.24365,94.621825
228.7,189.24231,94.621155
228.8,189.24098,94.62049
228.9,189.23964,94.61982
229,189.23831,94.619155
229.1,189.23698,94.61849
229.2,189.23566,94.61783
229.3,189.23433,94.617165
229.4,189.233,94.6165
229.5,189.23167,94.615835
229.6,189.23035,94.615175
229.7,189.22902,94.61451
229.8,189.22769,94.613845
229.9,189.22638,94.61319
230,189.22505,94.612525
230.1,189.22374,94.61187
230.2,189.22241,94.611205
230.3,189.2211,94.61055
230.4,189.21977,94.609885
230.5,189.21846,94.60923
230.6,189.21715,94.608575
230.7,189.21584,94.60792
230.8,189.21451,94.607255
230.9,189.2132,94.6066
231,189.21188,94.60594
231.1,189.21057,94.605285
231.2,189.20927,94.604635
231.3,189.20796,94.60398
231.4,189.20665,94.603325
231.5,189.20534,94.60267
231.6,189.20404,94.60202
231.7,189.20273,94.601365
231.8,189.20143,94.600715
231.9,189.20012,94.60006
232,189.19882,94.59941
232.1,189.19751,94.598755
232.2,189.19621,94.598105
232.3,189.19492,94.59746
232.4,189.19362,94.59681
232.5,189.19232,94.59616
232.6,189.19102,94.59551
232.7,189.18973,94.594865
232.8,189.18843,94.594215
232.9,189.18713,94.593565
233,189.18584,94.59292
233.1,189.18454,94.59227
233.2,189.18326,94.59163
233.3,189.18196,94.59098
233.4,189.18068,94.59034
233.5,189.17938,94.58969
233.6,189.1781,94.58905
233.7,189.1768,94.5884
233.8,189.17552,94.58776
233.9,189.17424,94.58712
234,189.17296,94.58648
234.1,189.17168,94.58584
234.2,189.1704,94.5852
234.3,189.16911,94.584555
234.4,189.16783,94.583915
234.5,189.16655,94.583275
234.6,189.16527,94.582635
234.7,189.16399,94.581995
234.8,189.16272,94.58136
234.9,189.16144,94.58072
235,189.16016,94.58008
235.1,189.15889,94.579445
235.2,189.15761,94.578805
235.3,189.15634,94.57817
235.4,189.15508,94.57754
235.5,189.1538,94.5769
235.6,189.15253,94.576265
235.7,189.15126,94.57563
235.8,189.15,94.575
235.9,189.14873,94.574365
236,189.14746,94.57373
236.1,189.1462,94.5731
236.2,189.14493,94.572465
236.3,189.14366,94.57183
236.4,189.14241,94.571205
236.5,189.14114,94.57057
236.6,189.13988,94.56994
236.7,189.13863,94.569315
236.8,189.13736,94.56868
236.9,189.13611,94.568055
237,189.13484,94.56742
237.1,189.13359,94.566795
237.2,189.13234,94.56617
237.3,189.13109,94.565545
237.4,189.12982,94.56491
237.5,189.12857,94.564285
237.6,189.12732,94.56366
237.7,189.12607,94.563035
237.8,189.12482,94.56241
237.9,189.12358,94.56179
238,189.12233,94.561165
238.1,189.12108,94.56054
238.2,189.11983,94.559915
238.3,189.11859,94.559295
238.4,189.11734,94.55867
238.5,189.1161,94.55805
238.6,189.11485,94.557425
238.7,189.11362,94.55681
238.8,189.11238,94.55619
238.9,189.11113,94.555565
239,189.1099,94.55495
239.1,189.10866,94.55433
239.2,189.10742,94.55371
239.3,189.10619,94.553095
239.4,189.10495,94.552475
239.5,189.10371,94.551855
239.6,189.10248,94.55124
239.7,189.10124,94.55062
239.8,189.1,94.55
239.9,189.09879,94.549395
240,189.09755,94.548775
240.1,189.09633,94.548165
240.2,189.0951,94.54755
240.3,189.09387,94.546935
240.4,189.09264,94.54632
240.5,189.09142,94.54571
240.6,189.0902,94.5451
240.7,189.08896,94.54448
240.8,189.08774,94.54387
240.9,189.08652,94.54326
241,189.0853,94.54265
241.1,189.08408,94.54204
241.2,189.08286,94.54143
241.3,189.08163,94.540815
241.4,189.08041,94.540205
241.5,189.07921,94.539605
241.6,189.07799,94.538995
241.7,189.07677,94.538385
241.8,189.07556,94.53778
241.9,189.07434,94.53717
242,189.07314,94.53657
242.1,189.07191,94.535955
242.2,189.07071,94.535355
242.3,189.06949,94.534745
242.4,189.06828,94.53414
242.5,189.06708,94.53354
242.6,189.06587,94.532935
242.7,189.06467,94.532335
242.8,189.06346,94.53173
242.9,189.06226,94.53113
243,189.06105,94.530525
243.1,189.05984,94.52992
243.2,189.05864,94.52932
243.3,189.05743,94.528715
243.4,189.05624,94.52812
243.5,189.05504,94.52752
243.6,189.05383,94.526915
243.7,189.05264,94.52632
243.8,189.05144,94.52572
243.9,189.05025,94.525125
244,189.04906,94.52453
244.1,189.04785,94.523925
244.2,189.04666,94.52333
244.3,189.04547,94.522735
244.4,189.04428,94.52214
244.5,189.04309,94.521545
244.6,189.0419,94.52095
244.7,189.04071,94.520355
244.8,189.03952,94.51976
244.9,189.03833,94.519165
245,189.03714,94.51857
245.1,189.03595,94.517975
245.2,189.03477,94.517385
245.3,189.03358,94.51679
245.4,189.03241,94.516205
245.5,189.03122,94.51561
245.6,189.03004,94.51502
245.7,189.02885,94.514425
245.8,189.02768,94.51384
245.9,189.02649,94.513245
246,189.02531,94.512655
246.1,189.02414,94.51207
246.2,189.02296,94.51148
246.3,189.02179,94.510895
246.4,189.02061,94.510305
246.5,189.01944,94.50972
246.6,189.01826,94.50913
246.7,189.01709,94.508545
246.8,189.01591,94.507955
246.9,189.01474,94.50737
247,189.01358,94.50679
247.1,189.0124,94.5062
247.2,189.01125,94.505625
247.3,189.01007,94.505035
247.4,189.00891,94.504455
247.5,189.00774,94.50387
247.6,189.00658,94.50329
247.7,189.0054,94.5027
247.8,189.00424,94.50212
247.9,189.00308,94.50154
248,189.00192,94.50096
248.1,189.00076,94.50038
248.2,188.9996,94.4998
248.3,188.99844,94.49922
248.4,188.99728,94.49864
248.5,188.99612,94.49806
248.6,188.99496,94.49748
248.7,188.9938,94.4969
248.8,188.99266,94.49633
248.9,188.9915,94.49575
249,188.99034,94.49517
249.1,188.9892,94.4946
249.2,188.98804,94.49402
249.3,188.9869,94.49345
249.4,188.98573,94.492865
249.5,188.98459,94.492295
249.6,188.98344,94.49172
249.7,188.9823,94.49115
249.8,188.98114,94.49057
249.9,188.98,94.49
250,188.97885,94.489425
250.1,188.9777,94.48885
250.2,188.97656,94.48828
250.3,188.97656,94.48828
