1	0.672616349591	11.4965346677
2	0.133028825412	16.0288830619
3	0.333858800093	5.71470999331
4	0.52993590451	9.0533955742
5	0.43495324455	7.43591272296
6	0.0649463815254	7.79143987858
7	0.309349680411	5.28725665318
8	0.296724633159	5.07667641247
9	0.257131609529	30.8473763968
10	0.241847088745	4.13370183512
11	0.916993137782	15.6965105038
12	0.214285453078	3.67032159877
13	0.0716761060435	1.17192134657
14	0.0629823645498	1.02971827775
15	0.00771723136043	0.124811359131
16	0.0216842339177	0.354737538462
17	0.209288747952	3.43022429793
18	0.382257700784	6.52589399777
19	0.178309269377	21.3854581246
20	0.25882996025	4.2297961815
21	0.00393557080646	0.0643575964225
22	0.00944808559159	0.757549205092
23	0.00277096260653	0.222176281063
24	0.00513060287576	0.411372663011
25	0.0808689712355	1.32399732388
26	0.00581264944265	0.466059279636
27	0.00214789908282	0.0535807434248
28	0.0620970720066	4.97895442215
29	0.0317323643545	2.54430669149
30	0.0963997937617	7.72935283314
31	0.0588213412014	4.71630573597
32	0.0	0.0
33	0.0	0.0
34	0.0100495788599	0.00933441861777
35	0.0183695596279	0.0181904289785
36	0.0257095632194	0.0260990420896
37	0.0	0.0
38	0.0270896472581	0.0260500138245
39	0.0221616960621	0.0225230141796
40	0.000628330856328	0.000275824524585
41	0.0	0.0
42	0.0	0.0
43	0.0328877048178	0.033114762762
44	0.0049003476277	0.00342117065874
45	0.0271489433917	0.0272396094781
46	0.00210314262701	0.0015636939953
47	0.0291234880506	0.47253367124
48	0.0101575295417	0.165804019634
49	0.0207292688838	0.0151291047498
50	0.0	0.0
51	0.0	0.0
52	0.455773145733	7.49678661888
53	0.0495509434149	0.0471936536724
54	0.045396538747	0.0453133782839
55	0.205013134577	0.20907760237
56	0.130272299764	0.131023820659
57	0.00423807417905	0.00307640580051
58	0.228603523117	3.75904723152
59	0.50617770909	0.515697807001
60	0.000726077130008	0.000675579577516
61	0.162887230751	0.154155577047
62	0.0	0.0
63	0.0	0.0
64	0.164991174924	0.168577695633
65	0.325043834131	0.33514158045
66	0.2564353173	0.264179192041
67	0.305008037266	0.308264813161
68	0.0157252813625	0.257340512494
69	0.0203714559199	0.0176909867521
70	0.114355682348	1.87300455433
71	0.11019604317	0.109731943868
72	0.100311477123	1.64553775067
73	0.0181436631795	0.0174839263287
74	0.000130206311912	0.0013830528777
75	1.15962528268e-12	0.000648221194172
76	0.00678043925558	0.00528728675295
77	3.65199462261e-12	0.000176736737521
78	0.000153029857926	0.000632520982951
79	0.000359594582371	0.000301013321678
80	0.000874661658516	0.000846771688411
81	0.00556827538896	0.00488450893614
82	0.00160922590777	0.000861060441904
83	0.000461678229592	0.000201370614593
84	0.00255179500394	0.00109881552226
85	0.0132316675458	0.0130050487572
86	0.00667284975706	0.00657219406755
87	0.00819845422012	0.00766957542362
88	0.0189974047901	0.0176059008709
89	0.00178629256895	0.00165514606037
90	0.00293994153239	0.00224235934894
91	0.000501208011816	5.91718331324e-05
92	0.000930790873121	0.000102181037462
93	0.00069138258568	7.90683752117e-05
94	3.54188538075e-09	0.00518173734674
95	0.0564986317889	0.925297902673
96	0.000853700706552	0.0684498764713
97	3.90470101078e-12	0.00131913500801
98	0.0121817941431	0.199280627962
99	0.0277520771425	0.0268893714845
100	0.00158037958265	0.0256843883858
101	0.00382164444314	0.00245541045792
102	0.00174708226889	0.000443954965044
103	0.0233298697452	0.0233464707501
104	0.0196981644418	0.0197368708893
105	0.00103007863102	0.000992163018926
106	0.00233850180911	0.00236801563692
107	0.00912747044411	0.00858107420281
108	0.0122920062966	0.0115411308788
109	0.00407113898803	0.00329874191608
110	0.000576638347384	9.33545680069e-05
111	0.00123886250026	0.000864791344977
112	0.00203592013104	0.00142174518637
113	0.000132830898654	0.00146940330569
114	0.000318811967582	0.00350790906417
115	0.000103399068095	0.00448179073072
116	0.0103962453941	0.00488615322224
117	0.000301090509207	0.000137560561654
118	0.00533332599288	0.00245639015285
119	0.252714907314	0.260080823591
120	0.0560804771169	0.0556914793912
121	0.000491907125681	0.000228402303233
122	0.0392604841584	0.671077536432
123	0.0070146809135	0.00261268522603
124	9.70613938685e-11	0.00156993696728
125	0.083183103619	0.0758129419281
126	0.019802865932	0.0192918611256
127	0.00324535200976	0.00303669904253
128	0.00754845194285	0.00640085414813
129	0.00185341410025	9.51432071785e-05
130	0.168952420763	2.76450098646
131	0.281975953353	4.61518913956
132	0.00450785383107	0.00402903852886
133	0.000515080667824	0.000172113229638
134	0.000297608907074	5.82256942572e-05
135	0.000685881826242	0.000147435698004
136	0.00123387031494	0.00220365560441
137	0.0264661189922	0.43286963892
138	0.000152435737534	0.001686866286
139	0.00634869076416	0.103825107729
140	0.000331265701334	0.00542361928769
141	0.00482676998535	0.0789844347906
142	0.0515415640669	0.0494676268835
143	0.000787754741866	0.000207243142125
144	0.000924301304728	0.0150273392596
145	2.67514612728e-05	0.000324771850444
146	1.46705951485e-05	0.000143355464131
147	0.0807509804933	0.0819126164973
148	0.0187087010341	0.0187601997902
149	0.0694472506492	0.0660491189515
150	0.0302323068964	0.0301555159589
151	0.00170925922591	0.00071360348889
152	0.0267697847165	0.0264680800899
153	0.00723988479664	0.00337149305462
154	0.0584923769017	0.0589332668744
155	0.0103810386777	0.00991889651298
156	0.016688088839	0.0150320031196
157	0.0828167657101	0.085173748624
158	0.067833171587	0.069404338867
159	0.0252962623957	0.0255919287317
160	0.0277804817346	0.0274438940569
161	0.00947430614414	0.00910466283912
162	0.000441304404243	0.00168683037245
163	0.100351183898	0.103927817625
164	3.74658322241e-09	0.00161886075363
165	1.61644722585e-09	0.00193926631676
166	1.4253707916e-10	0.00169475287413
167	0.00177078379882	0.00163999570047
168	0.00873532080336	0.00866269471376
169	0.321806107972	5.2829662234
170	5.8681763201e-09	0.00164098301251
171	0.00478352684819	0.0776633664969
172	0.0240685623241	0.0232434492278
173	0.343520358816	0.350964418441
174	0.422533526407	0.434899138639
175	0.0	0.0
176	0.526031415771	0.538849310571
177	0.131066738546	0.536693916798
178	0.0361784380259	0.148027401522
179	0.00323056412756	0.0264674475695
180	0.00797447000771	0.130768364622
181	0.000229581550542	0.00374679130902
182	0.000352973167178	0.00124623159199
183	0.00159716673567	0.00158184673196
184	0.00818859456354	0.00634526065062
185	1.83857630881e-11	0.000811981673808
186	0.00151312867608	0.00100013164795
187	0.124486834624	0.124290222953
188	0.180043027515	0.17892845705
189	0.0539988206198	0.0539634585847
190	0.00396555041178	0.00396250232472
191	0.00284811962866	0.00163799089408
192	0.0677678745642	0.0625379426669
193	0.0186989015136	0.0102054970738
194	0.00159951321339	0.0259192022032
195	9.79984489611e-05	0.00152776766336
196	0.00116131184938	0.000993054261647
197	0.0209115426917	0.0213413645443
198	0.0980544773597	0.100027633343
199	0.314255141639	0.31814255886
200	0.0906511701162	0.0925403195321
201	0.134419806471	0.135016638573
202	0.0493888421418	0.0503180627536
203	0.0425918883706	0.0390797137617
204	0.102281775502	1.67015512204
205	0.00662344361689	0.00504087617609
206	0.00164126786368	0.000227837337961
207	1.80471214037e-10	0.0029148921696
208	0.0455537954197	0.046119489106
209	0.151753920959	0.153693771208
210	0.0414215764343	0.0412365448421
211	0.134836674965	0.137101113972
212	0.0959285247132	0.0989666894317
213	0.00216160883262	0.000336653413109
214	2.34800714288e-11	0.000892466967523
215	0.0105054521646	0.0091488576639
216	0.00700166808216	0.00454872716355
217	0.105097140574	1.71928421552
218	7.63635204046e-09	0.00997788816712
219	0.0698362235029	0.0702924064875
