1	1.0	0.0	-450.074376993	1394.37170444	712.1361	234.0678
2	0.963769355809	0.88493616314	800.0	6.8212102633e-13	0.0	0.0
3	0.988766311301	1.23742646749	800.0	-9.77706804406e-12	0.0	0.0
4	0.969742503086	1.19578189906	800.0	1.97815097636e-11	0.0	0.0
5	0.988841205764	1.32225577983	1050.0	2.91038304567e-11	0.0	0.0
6	0.988378914208	0.827964636157	0.0	0.0	0.0	0.0
7	0.969402353859	0.832039557269	0.0	0.0	0.0	0.0
8	0.963490870893	0.588763425568	0.0	0.0	0.0	0.0
9	0.964644182319	-1.6569418796	0.0	0.0	0.0	0.0
10	0.959031544132	-0.447442502841	0.0	0.0	0.0	0.0
11	0.941111673788	-1.93602021266	0.0	0.0	0.0	0.0
12	0.963381551551	-1.77685323782	0.0	0.0	0.0	0.0
13	0.960289409977	-2.10385145859	0.0	0.0	0.0	0.0
14	0.960865890578	-2.02935531145	0.0	0.0	0.0	0.0
15	0.954240954768	-2.69844798207	0.0	0.0	0.0	0.0
16	0.958518261653	-0.504971632759	0.0	0.0	0.0	0.0
17	0.944797236901	-1.98098050302	0.0	0.0	0.0	0.0
18	0.940784705367	-1.9711457302	0.0	0.0	0.0	0.0
19	0.931290208045	-3.10924619469	0.0	0.0	0.0	0.0
20	0.950919943285	-1.46711143707	0.0	0.0	0.0	0.0
21	0.956522151435	-2.52053791625	0.0	0.0	0.0	0.0
22	0.956932516201	-2.51821427664	0.0	0.0	0.0	0.0
23	0.955982786455	-2.58377615399	0.0	0.0	0.0	0.0
24	0.94906925831	-3.29358608439	0.0	0.0	0.0	0.0
25	0.957782201989	-0.587863523957	0.0	0.0	0.0	0.0
26	0.927468018294	-3.94476171832	0.0	0.0	0.0	0.0
27	0.929341365719	-3.40625118527	0.0	0.0	0.0	0.0
28	0.909949904129	-5.60577431748	0.0	0.0	0.0	0.0
29	0.934872146053	-3.39069460193	0.0	0.0	0.0	0.0
30	0.954344827018	-2.56950234792	0.0	0.0	12.9727	6.3335
31	0.954160896678	-2.57364929431	0.0	0.0	0.827	0.4049
32	0.954160918112	-2.57365050795	0.0	0.0	0.0	0.0
33	0.955026218881	-2.55330747968	0.0	0.0	2.4662	1.3259
34	0.953553081705	-2.5870278206	0.0	0.0	5.3781	2.5919
35	0.954470603856	-2.55624051692	0.0	0.0	10.3088	6.064
36	0.954470605448	-2.55624060695	0.0	0.0	0.0	0.0
37	0.955180891344	-2.54587111199	0.0	0.0	1.1402	0.7864
38	0.955331319903	-2.54393705976	0.0	0.0	4.7294	2.4171
39	0.955402501756	-2.54254611034	0.0	0.0	0.5468	0.3161
40	0.956411932428	-2.52284601202	0.0	0.0	2.8469	1.2801
41	0.956031948312	-2.52970543915	0.0	0.0	1.6082	0.7789
42	0.955791423037	-2.53355176324	0.0	0.0	0.0	0.0
43	0.954462389818	-2.55477954172	0.0	0.0	2.1946	1.3601
44	0.993667968255	0.412772993293	0.0	0.0	1.6542	0.919
45	0.99219714507	0.510109454886	0.0	0.0	175.2136	81.3182
46	0.955031943781	-2.56638022183	0.0	0.0	3.2148	1.6021
47	0.953549765013	-2.60563470035	0.0	0.0	0.0	0.0
48	0.952802107016	-2.62552424663	0.0	0.0	2.4746	1.2317
49	0.951597370915	-2.65974592233	0.0	0.0	0.0	0.0
50	0.948814376105	-2.73821641124	0.0	0.0	0.0	0.0
51	0.948552838738	-2.74560750503	0.0	0.0	7.949	3.1416
52	0.953407600957	-2.59735233616	0.0	0.0	3.8198	1.882
53	0.952741941426	-2.61242809147	0.0	0.0	2.5659	1.2447
54	0.952516364935	-2.61747989916	0.0	0.0	0.0	0.0
55	0.952097651238	-2.62683938599	0.0	0.0	0.0	0.0
56	0.951786468051	-2.63381401189	0.0	0.0	2.5912	1.2849
57	0.951787848161	-2.63389233992	0.0	0.0	0.0	0.0
58	0.956614559214	-2.52525974318	0.0	0.0	2.316	1.1503
59	0.955948466108	-2.55425130677	0.0	0.0	27.5514	13.7716
60	0.954035424471	-2.78364723447	0.0	0.0	0.0	0.0
61	0.95380732846	-2.7808972332	0.0	0.0	0.0	0.0
62	0.950572862207	-2.86309156195	0.0	0.0	9.3435	4.5094
63	0.954261224328	-2.73288387762	0.0	0.0	25.9246	12.529
64	0.95380723234	-2.78089688053	0.0	0.0	24.263	11.8812
65	0.953015939874	-2.80731243765	0.0	0.0	4.3834	2.0979
66	0.955492970706	-2.59468610378	0.0	0.0	2.5638	1.2609
67	0.954662403488	-2.6131033751	0.0	0.0	2.4602	1.2233
68	0.95271982813	-2.65514480225	0.0	0.0	0.0	0.0
69	0.950411068947	-2.7054537799	0.0	0.0	0.0	0.0
70	0.948461745255	-2.74817778515	0.0	0.0	2.9482	1.4533
71	0.948325389636	-2.75117463441	0.0	0.0	8.7748	4.4273
72	0.953346571058	-2.64184816853	0.0	0.0	0.0	0.0
73	0.953118850088	-2.64694848558	0.0	0.0	3.9036	1.9357
74	0.951806074782	-2.67599509202	0.0	0.0	0.0	0.0
75	0.950038905843	-2.71518244746	0.0	0.0	2.4823	1.26
76	0.949193789226	-2.73424155414	0.0	0.0	3.0774	1.504
77	0.948928294793	-2.74018470652	0.0	0.0	2.5249	1.2511
78	0.954748607946	-2.60888815055	0.0	0.0	0.0	0.0
79	0.954436705129	-2.61523484771	0.0	0.0	0.0	0.0
80	0.953924186592	-2.62566791956	0.0	0.0	3.8778	1.9389
81	0.953724255257	-2.62822286078	0.0	0.0	0.0	0.0
82	0.944068834915	-3.40178751269	0.0	0.0	4.7886	2.44
83	0.953245259808	-2.63425279877	0.0	0.0	0.7427	0.5184
84	0.950298376599	-3.11199199132	0.0	0.0	22.0508	11.0388
85	0.955406918845	-0.642708932064	0.0	0.0	0.8475	0.4273
86	0.932007950906	-3.67808112598	0.0	0.0	4.3614	2.1807
87	0.932086799303	-3.67629749625	0.0	0.0	0.0	0.0
88	0.947928973686	-3.36837232904	0.0	0.0	29.4431	14.0764
89	0.939489489397	-3.50840644531	0.0	0.0	9.9233	4.9125
90	0.936333465709	-3.58042282829	0.0	0.0	16.0337	7.9016
91	0.933482807421	-3.64479107757	0.0	0.0	0.0	0.0
92	0.933611575086	-3.64188449682	0.0	0.0	0.0	0.0
93	0.979523504274	0.731520517532	0.0	0.0	178.195	87.9117
94	0.980337236289	0.734803384336	0.0	0.0	122.6844	60.2394
95	0.955381594559	-0.641917209871	0.0	0.0	3.4226	1.6786
96	0.955381720268	-0.641924305381	0.0	0.0	0.0	0.0
97	0.955549883444	-0.6395524611	0.0	0.0	0.8617	0.3802
98	0.953137019496	-0.697245358884	0.0	0.0	1.5594	0.7669
99	0.952665173701	-0.70867743828	0.0	0.0	8.0483	3.7108
100	0.948919425072	-0.791343232026	0.0	0.0	2.5057	1.139
101	0.948193511921	-0.80788219123	0.0	0.0	6.5204	3.1859
102	0.947806751548	-0.816686164992	0.0	0.0	5.5659	2.7184
103	0.922534023757	-4.04420582252	0.0	0.0	3.8018	2.5546
104	0.951205334343	-1.3487003856	0.0	0.0	65.2862	9.0612
105	0.921752523481	-4.06322188239	0.0	0.0	3.4123	1.5924
106	0.921565385912	-4.06771487759	0.0	0.0	0.7621	0.3243
107	0.921422393252	-4.07100834663	0.0	0.0	2.3484	1.1626
108	0.926431445852	-3.96921728208	0.0	0.0	2.274	1.1003
109	0.926102328575	-3.97705231514	0.0	0.0	0.7841	0.3782
110	0.925217094606	-3.99815236011	0.0	0.0	0.8166	0.3945
111	0.92499112512	-4.00354279622	0.0	0.0	0.7654	0.368
112	0.942400452892	-2.23738987782	0.0	0.0	0.0	0.0
113	0.941828382277	-2.29908372364	0.0	0.0	11.3154	5.4141
114	0.941793233158	-2.30287266345	0.0	0.0	15.0197	7.4447
115	0.941127809335	-2.37512317523	0.0	0.0	12.9167	6.1425
116	0.941102446153	-2.37774950222	0.0	0.0	4.029	2.0487
117	0.941090968505	-2.37899856376	0.0	0.0	5.0238	2.5119
118	0.940899787388	-2.40012838607	0.0	0.0	27.4518	13.1169
119	0.915844821494	-3.72249504406	0.0	0.0	14.1216	6.8998
120	0.915456172318	-3.73223016115	0.0	0.0	3.4348	1.6948
121	0.923047907189	-4.04697615228	0.0	0.0	2.3995	1.1777
122	0.921225454505	-4.08929955186	0.0	0.0	6.0688	2.9561
123	0.920744763111	-4.10050306715	0.0	0.0	27.8742	13.8427
124	0.915858604681	-4.217777003	0.0	0.0	2.5843	1.2455
125	0.91527663879	-4.2324545155	0.0	0.0	3.2961	1.508
126	0.91248914865	-4.29881830729	0.0	0.0	10.0546	4.8509
127	0.924217673969	-4.01768614343	0.0	0.0	4.4517	2.1716
128	0.923478642619	-4.03414409556	0.0	0.0	3.4534	1.6367
129	0.921037594539	-4.08099533617	0.0	0.0	3.3121	1.877
130	0.921538814835	-4.07818584558	0.0	0.0	9.589	4.7993
131	0.92105984875	-4.08905553348	0.0	0.0	3.3565	1.6479
132	0.918163808596	-4.15567048836	0.0	0.0	6.4861	3.2301
133	0.914655652529	-4.23470461276	0.0	0.0	14.4861	7.2534
134	0.926856355205	-3.39664672789	0.0	0.0	112.4286	56.5455
135	0.924692684731	-3.51418937688	0.0	0.0	0.0	0.0
136	0.922781754692	-3.55895606075	0.0	0.0	4.2898	2.1297
137	0.921612214219	-3.58624627115	0.0	0.0	4.6712	2.2997
138	0.920023732395	-3.62355714495	0.0	0.0	3.2518	1.5715
139	0.919374443814	-3.63889457913	0.0	0.0	0.0	0.0
140	0.918236331648	-3.77467181621	0.0	0.0	0.0	0.0
141	0.911408311486	-4.00652615207	0.0	0.0	16.3337	5.3686
142	0.918237154297	-3.77472012809	0.0	0.0	0.0	0.0
143	0.918237746229	-3.77475489061	0.0	0.0	0.0	0.0
144	0.918237910493	-3.77476456443	0.0	0.0	0.0	0.0
145	0.906011242325	-3.97081121168	0.0	0.0	0.0	0.0
146	0.905466195165	-3.9835697085	0.0	0.0	3.6038	1.79
147	0.906234646047	-3.96558921166	0.0	0.0	16.0098	7.7156
148	0.906729295564	-3.95371025886	0.0	0.0	5.3446	2.2768
149	0.921687848416	-3.93939308639	0.0	0.0	115.3693	57.0821
150	0.908084377059	-5.66086926062	0.0	0.0	12.1683	4.8092
151	0.908084901469	-5.66090039765	0.0	0.0	0.0	0.0
152	0.929477237355	-3.30055711702	0.0	0.0	35.0343	17.5934
153	0.928145531209	-3.44213724405	0.0	0.0	24.5946	12.2973
154	0.893208954864	-6.00219100701	0.0	0.0	17.6443	8.8221
155	0.894851348398	-5.96223107622	0.0	0.0	8.9106	4.4553
156	0.928480497647	-3.31749932302	0.0	0.0	0.0	0.0
157	0.928480497647	-3.31749932302	0.0	0.0	0.0	0.0
158	0.871164236689	-6.55950231243	0.0	0.0	25.5591	11.9915
159	0.927707502749	-3.37515333332	0.0	0.0	26.4086	12.7903
160	0.9275539507	-3.3898513296	0.0	0.0	24.5192	10.4451
161	0.926537936632	-3.4962933487	0.0	0.0	16.2011	8.1006
162	0.926496222724	-3.50064176775	0.0	0.0	25.0533	12.5267
163	0.926433217523	-3.5049661096	0.0	0.0	12.9451	6.987
164	0.88271826553	-6.21991416272	0.0	0.0	12.9321	6.6253
165	0.890025586742	-6.05133810886	0.0	0.0	4.7717	2.4446
166	0.88983785517	-6.05562496023	0.0	0.0	4.7028	2.4093
167	0.887880457307	-6.10043382952	0.0	0.0	4.5415	2.3267
168	0.887880499054	-6.10043636715	0.0	0.0	0.0	0.0
169	0.93254965227	-3.46054080637	0.0	0.0	4.5602	1.4989
170	0.93215366191	-3.47117201448	0.0	0.0	4.3766	1.8644
171	0.930933050551	-3.47970555774	0.0	0.0	0.0	0.0
172	0.928491115173	-3.56370038049	0.0	0.0	0.0	0.0
173	0.925725556743	-3.63948811314	0.0	0.0	0.0	0.0
174	0.925522549055	-3.64506695294	0.0	0.0	14.1376	6.6452
175	0.925124884109	-3.65845209693	0.0	0.0	8.0678	2.6518
176	0.924508202488	-3.62591198488	0.0	0.0	10.7637	5.3041
177	0.920839721947	-3.71126221069	0.0	0.0	9.8641	4.866
178	0.918927747929	-3.75538960556	0.0	0.0	10.9995	5.4261
179	0.947783227473	-2.38430666038	0.0	0.0	88.519	4.4022
180	0.947370056337	-2.43315963025	0.0	0.0	13.4187	5.3034
181	0.94731268536	-2.43934876289	0.0	0.0	11.7099	5.657
182	0.91692182624	-3.78626581287	0.0	0.0	5.7355	2.9114
183	0.91714882831	-3.78117763682	0.0	0.0	7.0891	3.8263
184	0.918974080306	-3.74205236887	0.0	0.0	0.0	0.0
185	0.949601487381	-1.70911352436	0.0	0.0	247.4902	13.1662
186	0.927539204728	-3.56048548898	0.0	0.0	0.0	0.0
187	0.919471683095	-3.71391394529	0.0	0.0	0.0	0.0
188	0.915083405517	-3.79813603779	0.0	0.0	12.4799	7.0727
189	0.92093932328	-3.74318369946	0.0	0.0	8.5567	4.0362
190	0.944179234379	-2.17157169843	0.0	0.0	105.3845	51.8522
191	0.917624392877	-3.8432653853	0.0	0.0	4.3532	2.1667
192	0.916892323453	-3.86810192186	0.0	0.0	5.0505	1.66
193	0.916529599169	-3.88040514427	0.0	0.0	5.0455	1.6584
194	0.916529721295	-3.88041234142	0.0	0.0	0.0	0.0
195	0.915882850504	-3.72348623831	0.0	0.0	10.222	4.8354
196	0.902545453494	-5.78587972556	0.0	0.0	0.0	0.0
197	0.901439908728	-5.81308083937	0.0	0.0	0.0	0.0
198	0.897758445974	-5.90416182348	0.0	0.0	6.2828	3.1265
199	0.896592670629	-5.9333937325	0.0	0.0	0.0	0.0
200	0.8896195162	-6.12821158349	0.0	0.0	12.4749	5.1147
201	0.888703412128	-6.14993263942	0.0	0.0	2.5694	1.2847
202	0.888703462239	-6.14993568564	0.0	0.0	0.0	0.0
203	0.890422922748	-6.07897679634	0.0	0.0	12.57	6.2227
204	0.889406214326	-6.10313197964	0.0	0.0	3.6144	1.8034
205	0.888408318349	-6.12692152837	0.0	0.0	7.6348	3.7866
206	0.93819482396	-2.27296301116	0.0	0.0	42.9469	20.848
207	0.908086373839	-5.66098809758	0.0	0.0	0.0	0.0
208	0.960131366001	0.119475621278	0.0	0.0	0.0	0.0
